id_classe,codicescuola,indirizzo,annocorso,num_studenti,num_maschi,num_femmine,num_italiani,num_stranieri
AQSD01201N_0001,AQSD01201N,DESIGN - METALLI OREFICERIA E CORALLO,5,10,2,8,9,1
AQSD01201N_0002,AQSD01201N,ARTI FIGURATIVE - PLASTICO PITTORICO,4,17,4,13,15,2
AQSD01201N_0003,AQSD01201N,ARTI FIGURATIVE - PLASTICO PITTORICO,4,16,3,13,14,2
AQSD01201N_0004,AQSD01201N,DESIGN - METALLI OREFICERIA E CORALLO,4,6,1,5,5,1
AQSD01201N_0005,AQSD01201N,ARTISTICO NUOVO ORDINAMENTO - BIENNIO COMUNE,1,15,3,12,13,2
AQSD01201N_0006,AQSD01201N,ARTISTICO NUOVO ORDINAMENTO - BIENNIO COMUNE,1,15,3,12,13,2
AQSD01201N_0007,AQSD01201N,ARTISTICO NUOVO ORDINAMENTO - BIENNIO COMUNE,1,15,3,12,13,2
AQSD01201N_0008,AQSD01201N,ARTI FIGURATIVE - PLASTICO PITTORICO,3,13,3,10,11,2
AQSD01201N_0009,AQSD01201N,ARTI FIGURATIVE - PLASTICO PITTORICO,3,12,3,9,11,1
AQSD01201N_0010,AQSD01201N,DESIGN - MODA,4,18,4,14,16,2
AQSD01201N_0011,AQSD01201N,DESIGN - METALLI OREFICERIA E CORALLO,3,12,3,9,11,1
AQSD01201N_0012,AQSD01201N,ARTISTICO NUOVO ORDINAMENTO - BIENNIO COMUNE,2,17,4,13,15,2
AQSD01201N_0013,AQSD01201N,ARTISTICO NUOVO ORDINAMENTO - BIENNIO COMUNE,2,16,3,13,14,2
AQSD01201N_0014,AQSD01201N,ARTISTICO NUOVO ORDINAMENTO - BIENNIO COMUNE,2,16,3,13,14,2
AQSD01201N_0015,AQSD01201N,DESIGN - MODA,3,11,2,9,10,1
AQSD01201N_0016,AQSD01201N,DESIGN - MODA,5,16,3,13,14,2
AQSD01201N_0017,AQSD01201N,ARTI FIGURATIVE - PLASTICO PITTORICO,5,18,4,14,16,2
ARRI00750X_0001,ARRI00750X,ARTIGIANATO - TRIENNIO,4,7,6,1,6,1
ARRI00750X_0002,ARRI00750X,ARTIGIANATO - TRIENNIO,3,5,4,1,4,1
ARRI00750X_0003,ARRI00750X,MANUTENZIONE E ASSISTENZA TECNICA,3,18,15,3,15,3
ARRI00750X_0004,ARRI00750X,MANUTENZIONE E ASSISTENZA TECNICA,5,6,5,1,5,1
ARRI00750X_0005,ARRI00750X,MANUTENZIONE E ASSISTENZA TECNICA,4,16,14,2,13,3
BORI01402D_0001,BORI01402D,MANUTENZIONE E ASSISTENZA TECNICA,2,12,12,0,8,4
BORI01402D_0002,BORI01402D,MANUTENZIONE E ASSISTENZA TECNICA,2,11,11,0,7,4
BORI01402D_0003,BORI01402D,MANUTENZIONE E ASSISTENZA TECNICA,5,20,20,0,13,7
BORI01402D_0004,BORI01402D,MANUTENZIONE E ASSISTENZA TECNICA,5,19,19,0,13,6
BORI01402D_0005,BORI01402D,MANUTENZIONE E ASSISTENZA TECNICA,5,19,19,0,13,6
BORI01402D_0006,BORI01402D,OPERATORE MECCANICO,3,12,12,0,8,4
BORI01402D_0007,BORI01402D,OPERATORE MECCANICO,3,12,12,0,8,4
BORI01402D_0008,BORI01402D,MANUTENZIONE E ASSISTENZA TECNICA,3,12,12,0,8,4
BORI01402D_0009,BORI01402D,MANUTENZIONE E ASSISTENZA TECNICA,3,11,11,0,7,4
BORI01402D_0010,BORI01402D,OPERATORE MECCANICO,2,20,20,0,13,7
BORI01402D_0011,BORI01402D,INDUSTRIA E ARTIGIANATO PER IL MADE IN ITALY,2,20,20,0,13,7
BORI01402D_0012,BORI01402D,MANUTENZIONE E ASSISTENZA TECNICA,1,12,12,0,8,4
BORI01402D_0013,BORI01402D,MANUTENZIONE E ASSISTENZA TECNICA,1,12,12,0,8,4
BORI01402D_0014,BORI01402D,MANUTENZIONE E ASSISTENZA TECNICA,4,17,17,0,11,6
BORI01402D_0015,BORI01402D,MANUTENZIONE E ASSISTENZA TECNICA,4,16,16,0,11,5
BORI01402D_0016,BORI01402D,OPERATORE MECCANICO,1,13,13,0,9,4
BORI01402D_0017,BORI01402D,OPERATORE MECCANICO,1,12,12,0,8,4
BORI01402D_0018,BORI01402D,INDUSTRIA E ARTIGIANATO PER IL MADE IN ITALY,1,12,12,0,8,4
BORI01402D_0019,BORI01402D,INDUSTRIA E ARTIGIANATO PER IL MADE IN ITALY,1,12,12,0,8,4
BSRH02201E_0001,BSRH02201E,OPERATORE DELLA RISTORAZIONE,3,11,5,6,9,2
BSRH02201E_0002,BSRH02201E,ENOGASTRONOMIA E OSPITALITA' ALBERGHIERA,5,17,8,9,13,4
BSRH02201E_0003,BSRH02201E,ENOGASTRONOMIA E OSPITALITA' ALBERGHIERA,5,16,8,8,13,3
BSRH02201E_0004,BSRH02201E,ENOGASTRONOMIA E OSPITALITA' ALBERGHIERA,5,16,8,8,13,3
BSRH02201E_0005,BSRH02201E,ENOGASTRONOMIA E OSPITALITA' ALBERGHIERA,1,19,9,10,15,4
BSRH02201E_0006,BSRH02201E,ENOGASTRONOMIA E OSPITALITA' ALBERGHIERA,1,19,9,10,15,4
BSRH02201E_0007,BSRH02201E,OPERATORE DELLA RISTORAZIONE,2,17,8,9,13,4
BSRH02201E_0008,BSRH02201E,ENOGASTRONOMIA E OSPITALITA' ALBERGHIERA,2,22,11,11,17,5
BSRH02201E_0009,BSRH02201E,ENOGASTRONOMIA E OSPITALITA' ALBERGHIERA,3,21,10,11,16,5
BSRH02201E_0010,BSRH02201E,ENOGASTRONOMIA E OSPITALITA' ALBERGHIERA,4,19,9,10,15,4
CBSL02301B_0001,CBSL02301B,ARCHITETTURA E AMBIENTE,4,17,5,12,17,0
CBSL02301B_0002,CBSL02301B,ARTI FIGURATIVE - PLASTICO PITTORICO,5,15,4,11,15,0
CBSL02301B_0003,CBSL02301B,ARCHITETTURA E AMBIENTE,5,13,4,9,13,0
CBSL02301B_0004,CBSL02301B,ARTISTICO NUOVO ORDINAMENTO - BIENNIO COMUNE,1,18,5,13,18,0
CBSL02301B_0005,CBSL02301B,ARTISTICO NUOVO ORDINAMENTO - BIENNIO COMUNE,1,18,5,13,18,0
CBSL02301B_0006,CBSL02301B,ARTISTICO NUOVO ORDINAMENTO - BIENNIO COMUNE,1,17,5,12,17,0
CBSL02301B_0007,CBSL02301B,ARTI FIGURATIVE - PLASTICO PITTORICO,3,20,6,14,20,0
CBSL02301B_0008,CBSL02301B,ARCHITETTURA E AMBIENTE,3,17,5,12,17,0
CBSL02301B_0009,CBSL02301B,ARTISTICO NUOVO ORDINAMENTO - BIENNIO COMUNE,2,21,6,15,21,0
CBSL02301B_0010,CBSL02301B,ARTISTICO NUOVO ORDINAMENTO - BIENNIO COMUNE,2,20,6,14,20,0
CBSL02301B_0011,CBSL02301B,ARTI FIGURATIVE - PLASTICO PITTORICO,4,14,4,10,14,0
CBSL02301B_0012,CBSL02301B,ARTI FIGURATIVE - PLASTICO PITTORICO,4,13,4,9,13,0
CBTD00701C_0001,CBTD00701C,AMM. FINAN. MARKETING - BIENNIO COMUNE,2,22,13,9,21,1
CBTD00701C_0002,CBTD00701C,AMM. FINAN. MARKETING - BIENNIO COMUNE,1,12,7,5,12,0
CBTD00701C_0003,CBTD00701C,AMM. FINAN. MARKETING - BIENNIO COMUNE,1,11,7,4,11,0
CBTD00701C_0004,CBTD00701C,SISTEMI INFORMATIVI AZIENDALI,4,7,4,3,7,0
CBTD00701C_0005,CBTD00701C,SISTEMI INFORMATIVI AZIENDALI,3,14,8,6,14,0
CBTD00701C_0006,CBTD00701C,SISTEMI INFORMATIVI AZIENDALI,5,13,8,5,13,0
CHRI016015_0001,CHRI016015,INDUSTRIA E ARTIGIANATO PER IL MADE IN ITALY,2,17,12,5,15,2
CHRI016015_0002,CHRI016015,MANUTENZIONE E ASSISTENZA TECNICA,2,14,10,4,12,2
CHRI016015_0003,CHRI016015,MANUTENZIONE E ASSISTENZA TECNICA,2,14,10,4,12,2
CHRI016015_0004,CHRI016015,INDUSTRIA E ARTIGIANATO PER IL MADE IN ITALY,5,15,10,5,13,2
CHRI016015_0005,CHRI016015,INDUSTRIA E ARTIGIANATO PER IL MADE IN ITALY,3,16,11,5,14,2
CHRI016015_0006,CHRI016015,MANUTENZIONE E ASSISTENZA TECNICA,5,17,12,5,15,2
CHRI016015_0007,CHRI016015,MANUTENZIONE E ASSISTENZA TECNICA,5,16,11,5,14,2
CHRI016015_0008,CHRI016015,MANUTENZIONE E ASSISTENZA TECNICA,3,16,11,5,14,2
CHRI016015_0009,CHRI016015,MANUTENZIONE E ASSISTENZA TECNICA,3,16,11,5,14,2
CHRI016015_0010,CHRI016015,MANUTENZIONE E ASSISTENZA TECNICA,3,15,10,5,13,2
CHRI016015_0011,CHRI016015,INDUSTRIA E ARTIGIANATO PER IL MADE IN ITALY,1,21,14,7,18,3
CHRI016015_0012,CHRI016015,MANUTENZIONE E ASSISTENZA TECNICA,4,19,13,6,16,3
CHRI016015_0013,CHRI016015,MANUTENZIONE E ASSISTENZA TECNICA,4,18,12,6,15,3
CHRI016015_0014,CHRI016015,MANUTENZIONE E ASSISTENZA TECNICA,4,18,12,6,15,3
CHRI016015_0015,CHRI016015,MANUTENZIONE E ASSISTENZA TECNICA,1,22,15,7,19,3
CHRI016015_0016,CHRI016015,MANUTENZIONE E ASSISTENZA TECNICA,1,22,15,7,19,3
CHRI016015_0017,CHRI016015,INDUSTRIA E ARTIGIANATO PER IL MADE IN ITALY,4,18,12,6,15,3
CNPC030005_0001,CNPC030005,SCIENTIFICO,2,20,10,10,19,1
CNPC030005_0002,CNPC030005,SCIENTIFICO,2,20,10,10,19,1
CNPC030005_0003,CNPC030005,SCIENTIFICO,2,19,10,9,18,1
CNPC030005_0004,CNPC030005,SCIENTIFICO - SEZIONE AD INDIRIZZO SPORTIVO,2,13,7,6,13,0
CNPC030005_0005,CNPC030005,SCIENTIFICO - SEZIONE AD INDIRIZZO SPORTIVO,2,12,6,6,12,0
CNPC030005_0006,CNPC030005,SCIENTIFICO - SEZIONE AD INDIRIZZO SPORTIVO,5,12,6,6,12,0
CNPC030005_0007,CNPC030005,SCIENTIFICO - SEZIONE AD INDIRIZZO SPORTIVO,5,12,6,6,12,0
CNPC030005_0008,CNPC030005,SCIENTIFICO,5,16,8,8,15,1
CNPC030005_0009,CNPC030005,SCIENTIFICO,5,16,8,8,15,1
CNPC030005_0010,CNPC030005,SCIENTIFICO,5,15,8,7,14,1
CNPC030005_0011,CNPC030005,CLASSICO,1,17,9,8,16,1
CNPC030005_0012,CNPC030005,SCIENTIFICO - OPZIONE SCIENZE APPLICATE,3,18,9,9,17,1
CNPC030005_0013,CNPC030005,SCIENTIFICO - OPZIONE SCIENZE APPLICATE,3,18,9,9,17,1
CNPC030005_0014,CNPC030005,SCIENTIFICO - OPZIONE SCIENZE APPLICATE,3,18,9,9,17,1
CNPC030005_0015,CNPC030005,SCIENTIFICO - OPZIONE SCIENZE APPLICATE,3,18,9,9,17,1
CNPC030005_0016,CNPC030005,SCIENTIFICO - OPZIONE SCIENZE APPLICATE,3,18,9,9,17,1
CNPC030005_0017,CNPC030005,CLASSICO,2,20,10,10,19,1
CNPC030005_0018,CNPC030005,SCIENTIFICO - OPZIONE SCIENZE APPLICATE,5,17,9,8,16,1
CNPC030005_0019,CNPC030005,SCIENTIFICO - OPZIONE SCIENZE APPLICATE,5,17,9,8,16,1
CNPC030005_0020,CNPC030005,SCIENTIFICO - OPZIONE SCIENZE APPLICATE,5,17,9,8,16,1
CNPC030005_0021,CNPC030005,SCIENTIFICO - OPZIONE SCIENZE APPLICATE,5,16,8,8,15,1
CNPC030005_0022,CNPC030005,SCIENTIFICO - SEZIONE AD INDIRIZZO SPORTIVO,4,12,6,6,12,0
CNPC030005_0023,CNPC030005,SCIENTIFICO - SEZIONE AD INDIRIZZO SPORTIVO,4,11,6,5,11,0
CNPC030005_0024,CNPC030005,CLASSICO,5,12,6,6,12,0
CNPC030005_0025,CNPC030005,CLASSICO,5,12,6,6,12,0
CNPC030005_0026,CNPC030005,SCIENTIFICO - OPZIONE SCIENZE APPLICATE,2,18,9,9,17,1
CNPC030005_0027,CNPC030005,SCIENTIFICO - OPZIONE SCIENZE APPLICATE,2,18,9,9,17,1
CNPC030005_0028,CNPC030005,SCIENTIFICO - OPZIONE SCIENZE APPLICATE,2,17,9,8,16,1
CNPC030005_0029,CNPC030005,SCIENTIFICO - OPZIONE SCIENZE APPLICATE,2,17,9,8,16,1
CNPC030005_0030,CNPC030005,SCIENTIFICO - OPZIONE SCIENZE APPLICATE,4,19,10,9,18,1
CNPC030005_0031,CNPC030005,SCIENTIFICO - OPZIONE SCIENZE APPLICATE,4,18,9,9,17,1
CNPC030005_0032,CNPC030005,SCIENTIFICO - OPZIONE SCIENZE APPLICATE,4,18,9,9,17,1
CNPC030005_0033,CNPC030005,SCIENTIFICO - OPZIONE SCIENZE APPLICATE,1,19,10,9,18,1
CNPC030005_0034,CNPC030005,SCIENTIFICO - OPZIONE SCIENZE APPLICATE,1,19,10,9,18,1
CNPC030005_0035,CNPC030005,SCIENTIFICO - OPZIONE SCIENZE APPLICATE,1,18,9,9,17,1
CNPC030005_0036,CNPC030005,SCIENTIFICO,1,18,9,9,17,1
CNPC030005_0037,CNPC030005,SCIENTIFICO,1,18,9,9,17,1
CNPC030005_0038,CNPC030005,SCIENTIFICO,1,18,9,9,17,1
CNPC030005_0039,CNPC030005,SCIENTIFICO - SEZIONE AD INDIRIZZO SPORTIVO,1,17,9,8,16,1
CNPC030005_0040,CNPC030005,SCIENTIFICO - SEZIONE AD INDIRIZZO SPORTIVO,1,17,9,8,16,1
CNPC030005_0041,CNPC030005,SCIENTIFICO - SEZIONE AD INDIRIZZO SPORTIVO,1,16,8,8,15,1
CNPC030005_0042,CNPC030005,SCIENTIFICO,3,22,11,11,21,1
CNPC030005_0043,CNPC030005,SCIENTIFICO,3,21,11,10,20,1
CNPC030005_0044,CNPC030005,SCIENTIFICO - SEZIONE AD INDIRIZZO SPORTIVO,3,13,7,6,13,0
CNPC030005_0045,CNPC030005,SCIENTIFICO - SEZIONE AD INDIRIZZO SPORTIVO,3,12,6,6,12,0
CNPC030005_0046,CNPC030005,CLASSICO,3,22,11,11,21,1
CNPC030005_0047,CNPC030005,SCIENTIFICO,4,20,10,10,19,1
CNPC030005_0048,CNPC030005,SCIENTIFICO,4,20,10,10,19,1
CNPC030005_0049,CNPC030005,SCIENTIFICO,4,19,10,9,18,1
CNPC030005_0050,CNPC030005,CLASSICO,4,16,8,8,15,1
COTD01101C_0001,COTD01101C,RELAZIONI INTERNAZIONALI PER IL MARKETING,3,22,14,8,21,1
COTD01101C_0002,COTD01101C,RELAZIONI INTERNAZIONALI PER IL MARKETING,3,21,13,8,20,1
COTD01101C_0003,COTD01101C,RELAZIONI INTERNAZIONALI PER IL MARKETING,4,20,13,7,19,1
COTD01101C_0004,COTD01101C,AMM. FINAN. MARKETING - BIENNIO COMUNE,2,15,10,5,14,1
COTD01101C_0005,COTD01101C,AMM. FINAN. MARKETING - BIENNIO COMUNE,2,15,10,5,14,1
COTD01101C_0006,COTD01101C,AMM. FINAN. MARKETING - BIENNIO COMUNE,2,15,10,5,14,1
COTD01101C_0007,COTD01101C,RELAZIONI INTERNAZIONALI PER IL MARKETING,5,22,14,8,21,1
COTD01101C_0008,COTD01101C,AMM. FINAN. MARKETING - BIENNIO COMUNE,1,15,10,5,14,1
COTD01101C_0009,COTD01101C,AMM. FINAN. MARKETING - BIENNIO COMUNE,1,14,9,5,13,1
CRSL00801R_0001,CRSL00801R,ARTISTICO NUOVO ORDINAMENTO - BIENNIO COMUNE,2,22,6,16,19,3
CRSL00801R_0002,CRSL00801R,ARTISTICO NUOVO ORDINAMENTO - BIENNIO COMUNE,2,22,6,16,19,3
CRSL00801R_0003,CRSL00801R,ARTISTICO NUOVO ORDINAMENTO - BIENNIO COMUNE,2,22,6,16,19,3
CRSL00801R_0004,CRSL00801R,SCENOGRAFIA,5,11,3,8,9,2
CRSL00801R_0005,CRSL00801R,SCENOGRAFIA,3,14,4,10,12,2
CRSL00801R_0006,CRSL00801R,ARTI FIGURATIVE - PLASTICO PITTORICO,5,15,4,11,13,2
CRSL00801R_0007,CRSL00801R,GRAFICA,5,16,4,12,14,2
CRSL00801R_0008,CRSL00801R,SCENOGRAFIA,4,10,3,7,9,1
CRSL00801R_0009,CRSL00801R,ARTISTICO NUOVO ORDINAMENTO - BIENNIO COMUNE,1,21,5,16,18,3
CRSL00801R_0010,CRSL00801R,ARTISTICO NUOVO ORDINAMENTO - BIENNIO COMUNE,1,21,5,16,18,3
CRSL00801R_0011,CRSL00801R,ARTISTICO NUOVO ORDINAMENTO - BIENNIO COMUNE,1,21,5,16,18,3
CRSL00801R_0012,CRSL00801R,ARTISTICO NUOVO ORDINAMENTO - BIENNIO COMUNE,1,20,5,15,17,3
CRSL00801R_0013,CRSL00801R,ARCHITETTURA E AMBIENTE,4,10,3,7,9,1
CRSL00801R_0014,CRSL00801R,ARCHITETTURA E AMBIENTE,5,12,3,9,10,2
CRSL00801R_0015,CRSL00801R,ARTI FIGURATIVE - PLASTICO PITTORICO,4,12,3,9,10,2
CRSL00801R_0016,CRSL00801R,ARTI FIGURATIVE - PLASTICO PITTORICO,4,11,3,8,9,2
CRSL00801R_0017,CRSL00801R,GRAFICA,3,14,4,10,12,2
CRSL00801R_0018,CRSL00801R,GRAFICA,4,19,5,14,16,3
CRSL00801R_0019,CRSL00801R,ARCHITETTURA E AMBIENTE,3,20,5,15,17,3
CRSL00801R_0020,CRSL00801R,ARTI FIGURATIVE - PLASTICO PITTORICO,3,12,3,9,10,2
CRSL00801R_0021,CRSL00801R,ARTI FIGURATIVE - PLASTICO PITTORICO,3,12,3,9,10,2
CSSL08101A_0001,CSSL08101A,AUDIOVISIVO MULTIMEDIA,4,14,3,11,12,2
CSSL08101A_0002,CSSL08101A,ARCHITETTURA E AMBIENTE,3,7,2,5,6,1
CSSL08101A_0003,CSSL08101A,ARTI FIGURATIVE - PLASTICO PITTORICO,4,21,5,16,18,3
CSSL08101A_0004,CSSL08101A,ARTISTICO NUOVO ORDINAMENTO - BIENNIO COMUNE,1,18,4,14,16,2
CSSL08101A_0005,CSSL08101A,ARTISTICO NUOVO ORDINAMENTO - BIENNIO COMUNE,1,18,4,14,16,2
CSSL08101A_0006,CSSL08101A,ARTISTICO NUOVO ORDINAMENTO - BIENNIO COMUNE,1,17,4,13,15,2
CSSL08101A_0007,CSSL08101A,AUDIOVISIVO MULTIMEDIA,5,10,2,8,9,1
CSSL08101A_0008,CSSL08101A,ARTI FIGURATIVE - PLASTICO PITTORICO,5,18,4,14,16,2
CSSL08101A_0009,CSSL08101A,ARTI FIGURATIVE - PLASTICO PITTORICO,5,18,4,14,16,2
CSSL08101A_0010,CSSL08101A,ARCHITETTURA E AMBIENTE,4,8,2,6,7,1
CSSL08101A_0011,CSSL08101A,AUDIOVISIVO MULTIMEDIA,3,14,3,11,12,2
CSSL08101A_0012,CSSL08101A,ARTISTICO NUOVO ORDINAMENTO - BIENNIO COMUNE,2,17,4,13,15,2
CSSL08101A_0013,CSSL08101A,ARTISTICO NUOVO ORDINAMENTO - BIENNIO COMUNE,2,16,4,12,14,2
CSSL08101A_0014,CSSL08101A,ARTISTICO NUOVO ORDINAMENTO - BIENNIO COMUNE,2,16,4,12,14,2
CSSL08101A_0015,CSSL08101A,ARTI FIGURATIVE - PLASTICO PITTORICO,3,19,5,14,17,2
CSTN02801A_0001,CSTN02801A,TRASPORTI E LOGISTICA - BIENNIO COMUNE,2,17,10,7,16,1
CSTN02801A_0002,CSTN02801A,TURISMO,1,13,7,6,12,1
CSTN02801A_0003,CSTN02801A,CONDUZIONE DI APPARATI ED IMPIANTI MARITTIMI - OPZIONE,3,12,7,5,11,1
CSTN02801A_0004,CSTN02801A,TURISMO,4,13,7,6,12,1
CSTN02801A_0005,CSTN02801A,TURISMO,4,12,7,5,11,1
CSTN02801A_0006,CSTN02801A,TURISMO,2,17,10,7,16,1
CSTN02801A_0007,CSTN02801A,TURISMO,5,17,10,7,16,1
CSTN02801A_0008,CSTN02801A,TURISMO,3,19,11,8,18,1
CSTN02801A_0009,CSTN02801A,TRASPORTI E LOGISTICA - BIENNIO COMUNE,1,16,9,7,15,1
CSTN02801A_0010,CSTN02801A,CONDUZIONE DI APPARATI ED IMPIANTI MARITTIMI - OPZIONE,5,13,7,6,12,1
CZRI01901V_0001,CZRI01901V,MANUTENZIONE E ASSISTENZA TECNICA,3,11,8,3,9,2
CZRI01901V_0002,CZRI01901V,INDUSTRIA E ARTIGIANATO PER IL MADE IN ITALY,1,13,9,4,11,2
CZRI01901V_0003,CZRI01901V,MANUTENZIONE E ASSISTENZA TECNICA,5,12,8,4,10,2
CZRI01901V_0004,CZRI01901V,INDUSTRIA E ARTIGIANATO PER IL MADE IN ITALY,2,8,6,2,7,1
CZRI01901V_0005,CZRI01901V,MANUTENZIONE E ASSISTENZA TECNICA,4,11,8,3,9,2
CZRI01901V_0006,CZRI01901V,MANUTENZIONE E ASSISTENZA TECNICA,2,17,12,5,14,3
CZRI01901V_0007,CZRI01901V,INDUSTRIA E ARTIGIANATO PER IL MADE IN ITALY,3,11,8,3,9,2
CZRI01901V_0008,CZRI01901V,MANUTENZIONE E ASSISTENZA TECNICA,1,21,15,6,17,4
FGRI16002D_0001,FGRI16002D,OPERATORE AGRICOLO,1,4,4,0,4,0
FOTF00101E_0001,FOTF00101E,MECCANICA E MECCATRONICA,3,17,17,0,15,2
FOTF00101E_0002,FOTF00101E,MECCANICA E MECCATRONICA,3,17,17,0,15,2
FOTF00101E_0003,FOTF00101E,MECCANICA E MECCATRONICA,3,16,16,0,14,2
FOTF00101E_0004,FOTF00101E,MECCANICA E MECCATRONICA,5,17,17,0,15,2
FOTF00101E_0005,FOTF00101E,MECCANICA E MECCATRONICA,5,17,17,0,15,2
FOTF00101E_0006,FOTF00101E,MECCANICA E MECCATRONICA,5,17,17,0,15,2
FOTF00101E_0007,FOTF00101E,MECCANICA E MECCATRONICA,4,17,17,0,15,2
FOTF00101E_0008,FOTF00101E,MECCANICA E MECCATRONICA,4,17,17,0,15,2
FOTF00101E_0009,FOTF00101E,MECCANICA E MECCATRONICA,4,16,16,0,14,2
FOTF00101E_0010,FOTF00101E,MECC. MECCATRON. ENER. - BIENNIO COMUNE,2,21,21,0,18,3
FOTF00101E_0011,FOTF00101E,MECC. MECCATRON. ENER. - BIENNIO COMUNE,2,21,21,0,18,3
FOTF00101E_0012,FOTF00101E,MECC. MECCATRON. ENER. - BIENNIO COMUNE,2,21,21,0,18,3
FOTF00101E_0013,FOTF00101E,MECC. MECCATRON. ENER. - BIENNIO COMUNE,2,21,21,0,18,3
FOTF00101E_0014,FOTF00101E,MECC. MECCATRON. ENER. - BIENNIO COMUNE,1,20,20,0,17,3
FOTF00101E_0015,FOTF00101E,MECC. MECCATRON. ENER. - BIENNIO COMUNE,1,20,20,0,17,3
FOTF00101E_0016,FOTF00101E,MECC. MECCATRON. ENER. - BIENNIO COMUNE,1,20,20,0,17,3
FOTF00101E_0017,FOTF00101E,MECC. MECCATRON. ENER. - BIENNIO COMUNE,1,20,20,0,17,3
GERH01000G_0001,GERH01000G,ENOGASTRONOMIA E OSPITALITA' ALBERGHIERA,4,22,13,9,19,3
GERH01000G_0002,GERH01000G,ENOGASTRONOMIA E OSPITALITA' ALBERGHIERA,4,22,13,9,19,3
GERH01000G_0003,GERH01000G,ENOGASTRONOMIA E OSPITALITA' ALBERGHIERA,4,22,13,9,19,3
GERH01000G_0004,GERH01000G,ENOGASTRONOMIA E OSPITALITA' ALBERGHIERA,4,22,13,9,19,3
GERH01000G_0005,GERH01000G,ENOGASTRONOMIA E OSPITALITA' ALBERGHIERA,4,22,13,9,19,3
GERH01000G_0006,GERH01000G,ENOGASTRONOMIA E OSPITALITA' ALBERGHIERA,4,22,13,9,19,3
GERH01000G_0007,GERH01000G,ENOGASTRONOMIA E OSPITALITA' ALBERGHIERA,2,20,12,8,17,3
GERH01000G_0008,GERH01000G,ENOGASTRONOMIA E OSPITALITA' ALBERGHIERA,2,20,12,8,17,3
GERH01000G_0009,GERH01000G,ENOGASTRONOMIA E OSPITALITA' ALBERGHIERA,2,20,12,8,17,3
GERH01000G_0010,GERH01000G,ENOGASTRONOMIA E OSPITALITA' ALBERGHIERA,2,20,12,8,17,3
GERH01000G_0011,GERH01000G,ENOGASTRONOMIA E OSPITALITA' ALBERGHIERA,2,19,11,8,16,3
GERH01000G_0012,GERH01000G,ENOGASTRONOMIA E OSPITALITA' ALBERGHIERA,2,19,11,8,16,3
GERH01000G_0013,GERH01000G,ENOGASTRONOMIA E OSPITALITA' ALBERGHIERA,1,19,11,8,16,3
GERH01000G_0014,GERH01000G,ENOGASTRONOMIA E OSPITALITA' ALBERGHIERA,1,19,11,8,16,3
GERH01000G_0015,GERH01000G,ENOGASTRONOMIA E OSPITALITA' ALBERGHIERA,1,19,11,8,16,3
GERH01000G_0016,GERH01000G,ENOGASTRONOMIA E OSPITALITA' ALBERGHIERA,1,19,11,8,16,3
GERH01000G_0017,GERH01000G,ENOGASTRONOMIA E OSPITALITA' ALBERGHIERA,1,19,11,8,16,3
GERH01000G_0018,GERH01000G,ENOGASTRONOMIA E OSPITALITA' ALBERGHIERA,1,18,11,7,15,3
GERH01000G_0019,GERH01000G,ENOGASTRONOMIA E OSPITALITA' ALBERGHIERA,5,20,12,8,17,3
GERH01000G_0020,GERH01000G,ENOGASTRONOMIA E OSPITALITA' ALBERGHIERA,5,20,12,8,17,3
GERH01000G_0021,GERH01000G,ENOGASTRONOMIA E OSPITALITA' ALBERGHIERA,5,20,12,8,17,3
GERH01000G_0022,GERH01000G,ENOGASTRONOMIA E OSPITALITA' ALBERGHIERA,5,20,12,8,17,3
GERH01000G_0023,GERH01000G,ENOGASTRONOMIA E OSPITALITA' ALBERGHIERA,5,20,12,8,17,3
GERH01000G_0024,GERH01000G,ENOGASTRONOMIA E OSPITALITA' ALBERGHIERA,5,19,11,8,16,3
GERH01000G_0025,GERH01000G,OPERATORE DELLA RISTORAZIONE,1,17,10,7,14,3
GERH01000G_0026,GERH01000G,OPERATORE DELLA RISTORAZIONE,1,16,9,7,14,2
GERH01000G_0027,GERH01000G,OPERATORE DELLA RISTORAZIONE,3,12,7,5,10,2
GERH01000G_0028,GERH01000G,OPERATORE DELLA RISTORAZIONE,3,11,6,5,9,2
GERH01000G_0029,GERH01000G,OPERATORE DELLA RISTORAZIONE,2,18,11,7,15,3
GERH01000G_0030,GERH01000G,OPERATORE DELLA RISTORAZIONE,2,17,10,7,14,3
GERH01000G_0031,GERH01000G,ENOGASTRONOMIA E OSPITALITA' ALBERGHIERA,3,20,12,8,17,3
GERH01000G_0032,GERH01000G,ENOGASTRONOMIA E OSPITALITA' ALBERGHIERA,3,20,12,8,17,3
GERH01000G_0033,GERH01000G,ENOGASTRONOMIA E OSPITALITA' ALBERGHIERA,3,20,12,8,17,3
GERH01000G_0034,GERH01000G,ENOGASTRONOMIA E OSPITALITA' ALBERGHIERA,3,20,12,8,17,3
GERH01000G_0035,GERH01000G,ENOGASTRONOMIA E OSPITALITA' ALBERGHIERA,3,19,11,8,16,3
GERH01000G_0036,GERH01000G,ENOGASTRONOMIA E OSPITALITA' ALBERGHIERA,3,19,11,8,16,3
GETA012021_0001,GETA012021,"AGRARIA, AGROAL. E AGROIND.-BIENNIO COM.",2,12,9,3,12,0
GETA012021_0002,GETA012021,PRODUZIONI E TRASFORMAZIONI,4,11,8,3,11,0
GETA012021_0003,GETA012021,PRODUZIONI E TRASFORMAZIONI,3,16,12,4,16,0
GOTA006015_0001,GOTA006015,GESTIONE DELL'AMBIENTE E DEL TERRITORIO,3,12,8,4,12,0
GOTA006015_0002,GOTA006015,"AGRARIA, AGROAL. E AGROIND.-BIENNIO COM.",1,20,13,7,20,0
GOTA006015_0003,GOTA006015,"AGRARIA, AGROAL. E AGROIND.-BIENNIO COM.",1,19,12,7,19,0
GOTA006015_0004,GOTA006015,PRODUZIONI E TRASFORMAZIONI,5,9,6,3,9,0
GOTA006015_0005,GOTA006015,VITICOLTURA ED ENOLOGIA,3,9,6,3,9,0
GOTA006015_0006,GOTA006015,VITICOLTURA ED ENOLOGIA,4,12,8,4,12,0
GOTA006015_0007,GOTA006015,PRODUZIONI E TRASFORMAZIONI,4,12,8,4,12,0
GOTA006015_0008,GOTA006015,VITICOLTURA ED ENOLOGIA,5,10,6,4,10,0
GOTA006015_0009,GOTA006015,"AGRARIA, AGROAL. E AGROIND.-BIENNIO COM.",2,20,13,7,20,0
GOTA006015_0010,GOTA006015,"AGRARIA, AGROAL. E AGROIND.-BIENNIO COM.",2,20,13,7,20,0
GOTA006015_0011,GOTA006015,"AGRARIA, AGROAL. E AGROIND.-BIENNIO COM.",2,20,13,7,20,0
GOTA006015_0012,GOTA006015,GESTIONE DELL'AMBIENTE E DEL TERRITORIO,4,13,8,5,13,0
GOTA006015_0013,GOTA006015,PRODUZIONI E TRASFORMAZIONI,3,17,11,6,17,0
GOTA006015_0014,GOTA006015,GESTIONE DELL'AMBIENTE E DEL TERRITORIO,5,16,10,6,16,0
ISRH016018_0001,ISRH016018,ENOGASTRONOMIA E OSPITALITA' ALBERGHIERA,3,8,4,4,7,1
ISRH016018_0002,ISRH016018,ENOGASTRONOMIA E OSPITALITA' ALBERGHIERA,4,13,7,6,12,1
ISRH016018_0003,ISRH016018,ENOGASTRONOMIA E OSPITALITA' ALBERGHIERA,1,6,3,3,6,0
ISRH016018_0004,ISRH016018,ENOGASTRONOMIA E OSPITALITA' ALBERGHIERA,2,6,3,3,6,0
ISRH016018_0005,ISRH016018,ENOGASTRONOMIA E OSPITALITA' ALBERGHIERA,5,15,8,7,14,1
LEPM04401X_0001,LEPM04401X,SCIENZE UMANE OPZ. ECONOMICO SOCIALE QUADRIENNALE,3,18,9,9,18,0
LEPM04401X_0002,LEPM04401X,SCIENZE UMANE - OPZ. ECONOMICO SOCIALE,1,12,6,6,12,0
LEPM04401X_0003,LEPM04401X,SCIENZE UMANE - OPZ. ECONOMICO SOCIALE,1,11,5,6,11,0
LEPM04401X_0004,LEPM04401X,SCIENZE UMANE - OPZ. ECONOMICO SOCIALE,4,19,9,10,19,0
LEPM04401X_0005,LEPM04401X,SCIENZE UMANE OPZ. ECONOMICO SOCIALE QUADRIENNALE,4,13,6,7,13,0
LEPM04401X_0006,LEPM04401X,SCIENZE UMANE - OPZ. ECONOMICO SOCIALE,2,20,10,10,20,0
LERI04251T_0001,LERI04251T,APPARATI IMP.TI SER.ZI TEC.CI IND.LI E CIV.LI - OPZIONE,3,20,20,0,19,1
LERI04251T_0002,LERI04251T,APPARATI IMP.TI SER.ZI TEC.CI IND.LI E CIV.LI - OPZIONE,5,17,17,0,16,1
LERI04251T_0003,LERI04251T,APPARATI IMP.TI SER.ZI TEC.CI IND.LI E CIV.LI - OPZIONE,4,15,15,0,15,0
LERI04251T_0004,LERI04251T,APPARATI IMP.TI SER.ZI TEC.CI IND.LI E CIV.LI - OPZIONE,4,14,14,0,14,0
LETA00151Q_0001,LETA00151Q,"AGRARIA, AGROAL. E AGROIND.-BIENNIO COM.",2,21,18,3,20,1
LETA00151Q_0002,LETA00151Q,PRODUZIONI E TRASFORMAZIONI,4,14,12,2,13,1
LETA00151Q_0003,LETA00151Q,PRODUZIONI E TRASFORMAZIONI,5,11,9,2,10,1
LITF00601D_0001,LITF00601D,TELECOMUNICAZIONI,3,16,12,4,15,1
LITF00601D_0002,LITF00601D,CHIMICA E MATERIALI,3,12,9,3,11,1
LITF00601D_0003,LITF00601D,CHIMICA E MATERIALI,3,11,8,3,10,1
LITF00601D_0004,LITF00601D,SCIENTIFICO - OPZIONE SCIENZE APPLICATE,5,17,13,4,15,2
LITF00601D_0005,LITF00601D,SCIENTIFICO - OPZIONE SCIENZE APPLICATE,5,17,13,4,15,2
LITF00601D_0006,LITF00601D,SCIENTIFICO - OPZIONE SCIENZE APPLICATE,5,17,13,4,15,2
LITF00601D_0007,LITF00601D,SCIENTIFICO - OPZIONE SCIENZE APPLICATE,5,17,13,4,15,2
LITF00601D_0008,LITF00601D,SCIENTIFICO - OPZIONE SCIENZE APPLICATE,2,15,11,4,14,1
LITF00601D_0009,LITF00601D,SCIENTIFICO - OPZIONE SCIENZE APPLICATE,2,15,11,4,14,1
LITF00601D_0010,LITF00601D,TELECOMUNICAZIONI,5,20,15,5,18,2
LITF00601D_0011,LITF00601D,INFOR. TELECOM. - BIENNIO COMUNE,2,19,14,5,17,2
LITF00601D_0012,LITF00601D,INFOR. TELECOM. - BIENNIO COMUNE,2,19,14,5,17,2
LITF00601D_0013,LITF00601D,ELETTR. ED ELETTROTEC.- BIENNIO COMUNE,2,20,15,5,18,2
LITF00601D_0014,LITF00601D,ELETTRONICA,3,14,11,3,13,1
LITF00601D_0015,LITF00601D,ELETTRONICA,3,13,10,3,12,1
LITF00601D_0016,LITF00601D,SCIENTIFICO - OPZIONE SCIENZE APPLICATE,1,21,16,5,19,2
LITF00601D_0017,LITF00601D,SCIENTIFICO - OPZIONE SCIENZE APPLICATE,1,21,16,5,19,2
LITF00601D_0018,LITF00601D,MECC. MECCATRON. ENER. - BIENNIO COMUNE,1,13,10,3,12,1
LITF00601D_0019,LITF00601D,MECC. MECCATRON. ENER. - BIENNIO COMUNE,1,13,10,3,12,1
LITF00601D_0020,LITF00601D,TELECOMUNICAZIONI,4,21,16,5,19,2
LITF00601D_0021,LITF00601D,SCIENTIFICO - OPZIONE SCIENZE APPLICATE,3,20,15,5,18,2
LITF00601D_0022,LITF00601D,SCIENTIFICO - OPZIONE SCIENZE APPLICATE,3,20,15,5,18,2
LITF00601D_0023,LITF00601D,MECCANICA E MECCATRONICA,3,22,17,5,20,2
LITF00601D_0024,LITF00601D,MECCANICA E MECCATRONICA,3,21,16,5,19,2
LITF00601D_0025,LITF00601D,CHIMICA E MATERIALI,5,10,8,2,9,1
LITF00601D_0026,LITF00601D,INFOR. TELECOM. - BIENNIO COMUNE,1,18,14,4,16,2
LITF00601D_0027,LITF00601D,INFOR. TELECOM. - BIENNIO COMUNE,1,17,13,4,15,2
LITF00601D_0028,LITF00601D,INFOR. TELECOM. - BIENNIO COMUNE,1,17,13,4,15,2
LITF00601D_0029,LITF00601D,SCIENTIFICO - OPZIONE SCIENZE APPLICATE,4,21,16,5,19,2
LITF00601D_0030,LITF00601D,SCIENTIFICO - OPZIONE SCIENZE APPLICATE,4,21,16,5,19,2
LITF00601D_0031,LITF00601D,ELETTRONICA,5,15,11,4,14,1
LITF00601D_0032,LITF00601D,MECC. MECCATRON. ENER. - BIENNIO COMUNE,2,17,13,4,15,2
LITF00601D_0033,LITF00601D,ELETTR. ED ELETTROTEC.- BIENNIO COMUNE,1,13,10,3,12,1
LITF00601D_0034,LITF00601D,ELETTR. ED ELETTROTEC.- BIENNIO COMUNE,1,12,9,3,11,1
LITF00601D_0035,LITF00601D,CHIM. MATER. BIOTECN. - BIENNIO COMUNE,2,22,17,5,20,2
LITF00601D_0036,LITF00601D,MECCANICA E MECCATRONICA,5,17,13,4,15,2
LITF00601D_0037,LITF00601D,CHIMICA E MATERIALI,4,13,10,3,12,1
LITF00601D_0038,LITF00601D,CHIMICA E MATERIALI,4,13,10,3,12,1
LITF00601D_0039,LITF00601D,MECCANICA E MECCATRONICA,4,21,16,5,19,2
LTRA01602G_0001,LTRA01602G,"AGRICOLTURA, SVILUPPO RURALE, VALORIZZAZIONE DEI PRODOTTI DEL TERRITORIO E GESTIONE DELLE RISORSE FORESTALI E MONTANE",2,15,10,5,14,1
LTRA01602G_0002,LTRA01602G,"AGRICOLTURA, SVILUPPO RURALE, VALORIZZAZIONE DEI PRODOTTI DEL TERRITORIO E GESTIONE DELLE RISORSE FORESTALI E MONTANE",2,15,10,5,14,1
LTRA01602G_0003,LTRA01602G,ENOGASTRONOMIA E OSPITALITA' ALBERGHIERA,2,21,15,6,20,1
LTRA01602G_0004,LTRA01602G,ENOGASTRONOMIA E OSPITALITA' ALBERGHIERA,2,21,15,6,20,1
LTRA01602G_0005,LTRA01602G,ENOGASTRONOMIA E OSPITALITA' ALBERGHIERA,2,20,14,6,19,1
LTRA01602G_0006,LTRA01602G,"AGRICOLTURA, SVILUPPO RURALE, VALORIZZAZIONE DEI PRODOTTI DEL TERRITORIO E GESTIONE DELLE RISORSE FORESTALI E MONTANE",5,20,14,6,19,1
LTRA01602G_0007,LTRA01602G,ENOGASTRONOMIA E OSPITALITA' ALBERGHIERA,4,22,15,7,21,1
LTRA01602G_0008,LTRA01602G,ENOGASTRONOMIA E OSPITALITA' ALBERGHIERA,4,22,15,7,21,1
LTRA01602G_0009,LTRA01602G,ENOGASTRONOMIA E OSPITALITA' ALBERGHIERA,4,21,15,6,20,1
LTRA01602G_0010,LTRA01602G,ENOGASTRONOMIA E OSPITALITA' ALBERGHIERA,1,21,15,6,20,1
LTRA01602G_0011,LTRA01602G,ENOGASTRONOMIA E OSPITALITA' ALBERGHIERA,1,21,15,6,20,1
LTRA01602G_0012,LTRA01602G,"AGRICOLTURA, SVILUPPO RURALE, VALORIZZAZIONE DEI PRODOTTI DEL TERRITORIO E GESTIONE DELLE RISORSE FORESTALI E MONTANE",4,21,15,6,20,1
LTRA01602G_0013,LTRA01602G,"AGRICOLTURA, SVILUPPO RURALE, VALORIZZAZIONE DEI PRODOTTI DEL TERRITORIO E GESTIONE DELLE RISORSE FORESTALI E MONTANE",1,16,11,5,15,1
LTRA01602G_0014,LTRA01602G,"AGRICOLTURA, SVILUPPO RURALE, VALORIZZAZIONE DEI PRODOTTI DEL TERRITORIO E GESTIONE DELLE RISORSE FORESTALI E MONTANE",1,16,11,5,15,1
LTRA01602G_0015,LTRA01602G,"AGRICOLTURA, SVILUPPO RURALE, VALORIZZAZIONE DEI PRODOTTI DEL TERRITORIO E GESTIONE DELLE RISORSE FORESTALI E MONTANE",1,15,10,5,14,1
LTRA01602G_0016,LTRA01602G,ENOGASTRONOMIA E OSPITALITA' ALBERGHIERA,3,16,11,5,15,1
LTRA01602G_0017,LTRA01602G,ENOGASTRONOMIA E OSPITALITA' ALBERGHIERA,3,16,11,5,15,1
LTRA01602G_0018,LTRA01602G,ENOGASTRONOMIA E OSPITALITA' ALBERGHIERA,3,15,10,5,14,1
LTRA01602G_0019,LTRA01602G,ENOGASTRONOMIA E OSPITALITA' ALBERGHIERA,5,20,14,6,19,1
LTRA01602G_0020,LTRA01602G,ENOGASTRONOMIA E OSPITALITA' ALBERGHIERA,5,20,14,6,19,1
LTRA01602G_0021,LTRA01602G,ENOGASTRONOMIA E OSPITALITA' ALBERGHIERA,5,19,13,6,18,1
LTRA01602G_0022,LTRA01602G,"AGRICOLTURA, SVILUPPO RURALE, VALORIZZAZIONE DEI PRODOTTI DEL TERRITORIO E GESTIONE DELLE RISORSE FORESTALI E MONTANE",3,21,15,6,20,1
MEPS032038_0001,MEPS032038,SCIENTIFICO,5,6,3,3,6,0
MEPS032038_0002,MEPS032038,SCIENTIFICO,3,9,4,5,9,0
MEPS032038_0003,MEPS032038,SCIENTIFICO,4,14,7,7,13,1
MEPS032038_0004,MEPS032038,SCIENTIFICO,2,10,5,5,10,0
MEPS032038_0005,MEPS032038,SCIENTIFICO,1,8,4,4,8,0
MTPS00101R_0001,MTPS00101R,SCIENTIFICO - SEZIONE AD INDIRIZZO SPORTIVO,1,20,14,6,17,3
MTPS00101R_0002,MTPS00101R,SCIENTIFICO - SEZIONE AD INDIRIZZO SPORTIVO,2,18,13,5,16,2
MTTD06000B_0001,MTTD06000B,"COSTR., AMB. E TERRITORIO - BIENNIO COM.",1,15,9,6,14,1
MTTD06000B_0002,MTTD06000B,"COSTR., AMB. E TERRITORIO - BIENNIO COM.",1,14,9,5,13,1
MTTD06000B_0003,MTTD06000B,RELAZIONI INTERNAZIONALI PER IL MARKETING,4,17,10,7,16,1
MTTD06000B_0004,MTTD06000B,RELAZIONI INTERNAZIONALI PER IL MARKETING,4,17,10,7,16,1
MTTD06000B_0005,MTTD06000B,TRASPORTI E LOGISTICA - BIENNIO COMUNE,1,13,8,5,12,1
MTTD06000B_0006,MTTD06000B,CONDUZIONE DEL MEZZO AEREO - OPZIONE,3,19,12,7,17,2
MTTD06000B_0007,MTTD06000B,COSTRUZIONI AMBIENTE E TERRITORIO - TRIENNIO,3,9,5,4,8,1
MTTD06000B_0008,MTTD06000B,AMM. FINAN. MARKETING - BIENNIO COMUNE,1,22,13,9,20,2
MTTD06000B_0009,MTTD06000B,AMM. FINAN. MARKETING - BIENNIO COMUNE,1,21,13,8,19,2
MTTD06000B_0010,MTTD06000B,AMM. FINAN. MARKETING - BIENNIO COMUNE,1,21,13,8,19,2
MTTD06000B_0011,MTTD06000B,AMM. FINAN. MARKETING - BIENNIO COMUNE,1,21,13,8,19,2
MTTD06000B_0012,MTTD06000B,AMM. FINAN. MARKETING - BIENNIO COMUNE,1,21,13,8,19,2
MTTD06000B_0013,MTTD06000B,SISTEMI INFORMATIVI AZIENDALI,4,15,9,6,14,1
MTTD06000B_0014,MTTD06000B,SISTEMI INFORMATIVI AZIENDALI,4,15,9,6,14,1
MTTD06000B_0015,MTTD06000B,SISTEMI INFORMATIVI AZIENDALI,4,15,9,6,14,1
MTTD06000B_0016,MTTD06000B,AMM. FINAN. MARKETING - BIENNIO COMUNE,2,19,12,7,17,2
MTTD06000B_0017,MTTD06000B,AMM. FINAN. MARKETING - BIENNIO COMUNE,2,19,12,7,17,2
MTTD06000B_0018,MTTD06000B,AMM. FINAN. MARKETING - BIENNIO COMUNE,2,19,12,7,17,2
MTTD06000B_0019,MTTD06000B,AMM. FINAN. MARKETING - BIENNIO COMUNE,2,19,12,7,17,2
MTTD06000B_0020,MTTD06000B,AMM. FINAN. MARKETING - BIENNIO COMUNE,2,19,12,7,17,2
MTTD06000B_0021,MTTD06000B,AMM. FINAN. MARKETING - BIENNIO COMUNE,2,19,12,7,17,2
MTTD06000B_0022,MTTD06000B,CONDUZIONE DEL MEZZO AEREO - OPZIONE,4,19,12,7,17,2
MTTD06000B_0023,MTTD06000B,RELAZIONI INTERNAZIONALI PER IL MARKETING,5,20,12,8,18,2
MTTD06000B_0024,MTTD06000B,TRASPORTI E LOGISTICA - BIENNIO COMUNE,2,21,13,8,19,2
MTTD06000B_0025,MTTD06000B,SISTEMI INFORMATIVI AZIENDALI,5,21,13,8,19,2
MTTD06000B_0026,MTTD06000B,SISTEMI INFORMATIVI AZIENDALI,5,20,12,8,18,2
MTTD06000B_0027,MTTD06000B,"COSTR., AMB. E TERRITORIO - BIENNIO COM.",2,13,8,5,12,1
MTTD06000B_0028,MTTD06000B,"COSTR., AMB. E TERRITORIO - BIENNIO COM.",2,12,7,5,11,1
MTTD06000B_0029,MTTD06000B,SISTEMI INFORMATIVI AZIENDALI,3,22,13,9,20,2
MTTD06000B_0030,MTTD06000B,SISTEMI INFORMATIVI AZIENDALI,3,22,13,9,20,2
MTTD06000B_0031,MTTD06000B,RELAZIONI INTERNAZIONALI PER IL MARKETING,3,18,11,7,16,2
MTTD06000B_0032,MTTD06000B,RELAZIONI INTERNAZIONALI PER IL MARKETING,3,18,11,7,16,2
MTTD06000B_0033,MTTD06000B,COSTRUZIONI AMBIENTE E TERRITORIO - TRIENNIO,5,14,9,5,13,1
MTTD06000B_0034,MTTD06000B,COSTRUZIONI AMBIENTE E TERRITORIO - TRIENNIO,4,10,6,4,9,1
NARH01000V_0001,NARH01000V,OPERATORE AI SERVIZI DI VENDITA,2,19,13,6,19,0
NARH01000V_0002,NARH01000V,ENOGASTRONOMIA E OSPITALITA' ALBERGHIERA,5,21,14,7,21,0
NARH01000V_0003,NARH01000V,ENOGASTRONOMIA E OSPITALITA' ALBERGHIERA,5,21,14,7,21,0
NARH01000V_0004,NARH01000V,ENOGASTRONOMIA E OSPITALITA' ALBERGHIERA,5,21,14,7,21,0
NARH01000V_0005,NARH01000V,ENOGASTRONOMIA E OSPITALITA' ALBERGHIERA,5,21,14,7,21,0
NARH01000V_0006,NARH01000V,ENOGASTRONOMIA E OSPITALITA' ALBERGHIERA,5,21,14,7,21,0
NARH01000V_0007,NARH01000V,ENOGASTRONOMIA E OSPITALITA' ALBERGHIERA,5,21,14,7,21,0
NARH01000V_0008,NARH01000V,ENOGASTRONOMIA E OSPITALITA' ALBERGHIERA,5,21,14,7,21,0
NARH01000V_0009,NARH01000V,ENOGASTRONOMIA E OSPITALITA' ALBERGHIERA,5,21,14,7,21,0
NARH01000V_0010,NARH01000V,ENOGASTRONOMIA E OSPITALITA' ALBERGHIERA,5,21,14,7,21,0
NARH01000V_0011,NARH01000V,OPERATORE AI SERVIZI DI PROMOZIONE E ACCOGLIENZA,2,17,11,6,17,0
NARH01000V_0012,NARH01000V,OPERATORE DELLA RISTORAZIONE,2,15,10,5,15,0
NARH01000V_0013,NARH01000V,ENOGASTRONOMIA E OSPITALITA' ALBERGHIERA,3,21,14,7,21,0
NARH01000V_0014,NARH01000V,ENOGASTRONOMIA E OSPITALITA' ALBERGHIERA,3,21,14,7,21,0
NARH01000V_0015,NARH01000V,ENOGASTRONOMIA E OSPITALITA' ALBERGHIERA,3,20,14,6,20,0
NARH01000V_0016,NARH01000V,ENOGASTRONOMIA E OSPITALITA' ALBERGHIERA,3,20,14,6,20,0
NARH01000V_0017,NARH01000V,ENOGASTRONOMIA E OSPITALITA' ALBERGHIERA,3,20,14,6,20,0
NARH01000V_0018,NARH01000V,ENOGASTRONOMIA E OSPITALITA' ALBERGHIERA,3,20,14,6,20,0
NARH01000V_0019,NARH01000V,ENOGASTRONOMIA E OSPITALITA' ALBERGHIERA,3,20,14,6,20,0
NARH01000V_0020,NARH01000V,ENOGASTRONOMIA E OSPITALITA' ALBERGHIERA,3,20,14,6,20,0
NARH01000V_0021,NARH01000V,ENOGASTRONOMIA E OSPITALITA' ALBERGHIERA,3,20,14,6,20,0
NARH01000V_0022,NARH01000V,OPERATORE DELLA RISTORAZIONE,1,12,8,4,12,0
NARH01000V_0023,NARH01000V,OPERATORE DELLA RISTORAZIONE,1,11,7,4,11,0
NARH01000V_0024,NARH01000V,ENOGASTRONOMIA E OSPITALITA' ALBERGHIERA,1,21,14,7,21,0
NARH01000V_0025,NARH01000V,ENOGASTRONOMIA E OSPITALITA' ALBERGHIERA,1,21,14,7,21,0
NARH01000V_0026,NARH01000V,ENOGASTRONOMIA E OSPITALITA' ALBERGHIERA,1,21,14,7,21,0
NARH01000V_0027,NARH01000V,ENOGASTRONOMIA E OSPITALITA' ALBERGHIERA,1,21,14,7,21,0
NARH01000V_0028,NARH01000V,ENOGASTRONOMIA E OSPITALITA' ALBERGHIERA,1,21,14,7,21,0
NARH01000V_0029,NARH01000V,ENOGASTRONOMIA E OSPITALITA' ALBERGHIERA,1,21,14,7,21,0
NARH01000V_0030,NARH01000V,ENOGASTRONOMIA E OSPITALITA' ALBERGHIERA,1,21,14,7,21,0
NARH01000V_0031,NARH01000V,ENOGASTRONOMIA E OSPITALITA' ALBERGHIERA,1,21,14,7,21,0
NARH01000V_0032,NARH01000V,ENOGASTRONOMIA E OSPITALITA' ALBERGHIERA,1,21,14,7,21,0
NARH01000V_0033,NARH01000V,ENOGASTRONOMIA E OSPITALITA' ALBERGHIERA,1,20,14,6,20,0
NARH01000V_0034,NARH01000V,ENOGASTRONOMIA E OSPITALITA' ALBERGHIERA,4,21,14,7,21,0
NARH01000V_0035,NARH01000V,ENOGASTRONOMIA E OSPITALITA' ALBERGHIERA,4,21,14,7,21,0
NARH01000V_0036,NARH01000V,ENOGASTRONOMIA E OSPITALITA' ALBERGHIERA,4,21,14,7,21,0
NARH01000V_0037,NARH01000V,ENOGASTRONOMIA E OSPITALITA' ALBERGHIERA,4,21,14,7,21,0
NARH01000V_0038,NARH01000V,ENOGASTRONOMIA E OSPITALITA' ALBERGHIERA,4,20,14,6,20,0
NARH01000V_0039,NARH01000V,ENOGASTRONOMIA E OSPITALITA' ALBERGHIERA,4,20,14,6,20,0
NARH01000V_0040,NARH01000V,ENOGASTRONOMIA E OSPITALITA' ALBERGHIERA,4,20,14,6,20,0
NARH01000V_0041,NARH01000V,ENOGASTRONOMIA E OSPITALITA' ALBERGHIERA,4,20,14,6,20,0
NARH01000V_0042,NARH01000V,ENOGASTRONOMIA E OSPITALITA' ALBERGHIERA,4,20,14,6,20,0
NARH01000V_0043,NARH01000V,ENOGASTRONOMIA E OSPITALITA' ALBERGHIERA,4,20,14,6,20,0
NARH01000V_0044,NARH01000V,ENOGASTRONOMIA E OSPITALITA' ALBERGHIERA,4,20,14,6,20,0
NARH01000V_0045,NARH01000V,ENOGASTRONOMIA E OSPITALITA' ALBERGHIERA,2,21,14,7,21,0
NARH01000V_0046,NARH01000V,ENOGASTRONOMIA E OSPITALITA' ALBERGHIERA,2,20,14,6,20,0
NARH01000V_0047,NARH01000V,ENOGASTRONOMIA E OSPITALITA' ALBERGHIERA,2,20,14,6,20,0
NARH01000V_0048,NARH01000V,ENOGASTRONOMIA E OSPITALITA' ALBERGHIERA,2,20,14,6,20,0
NARH01000V_0049,NARH01000V,ENOGASTRONOMIA E OSPITALITA' ALBERGHIERA,2,20,14,6,20,0
NARH01000V_0050,NARH01000V,ENOGASTRONOMIA E OSPITALITA' ALBERGHIERA,2,20,14,6,20,0
NARH01000V_0051,NARH01000V,ENOGASTRONOMIA E OSPITALITA' ALBERGHIERA,2,20,14,6,20,0
NARH01000V_0052,NARH01000V,ENOGASTRONOMIA E OSPITALITA' ALBERGHIERA,2,20,14,6,20,0
NARI13751N_0001,NARI13751N,PRODUZIONI TESSILI SARTORIALI - OPZIONE,3,12,7,5,12,0
NARI13751N_0002,NARI13751N,MANUTENZIONE E ASSISTENZA TECNICA,5,16,9,7,16,0
NARI13751N_0003,NARI13751N,MANUTENZIONE E ASSISTENZA TECNICA,5,15,9,6,15,0
NARI13751N_0004,NARI13751N,MANUTENZIONE E ASSISTENZA TECNICA,4,18,11,7,18,0
NARI13751N_0005,NARI13751N,PRODUZIONI TESSILI SARTORIALI - OPZIONE,5,13,8,5,13,0
NARI13751N_0006,NARI13751N,PRODUZIONI TESSILI SARTORIALI - OPZIONE,5,12,7,5,12,0
NARI13751N_0007,NARI13751N,PRODUZIONI TESSILI SARTORIALI - OPZIONE,4,13,8,5,13,0
NARI13751N_0008,NARI13751N,PRODUZIONI TESSILI SARTORIALI - OPZIONE,4,13,8,5,13,0
NARI13751N_0009,NARI13751N,MANUTENZIONE E ASSISTENZA TECNICA,3,13,8,5,13,0
NARI13751N_0010,NARI13751N,MANUTENZIONE E ASSISTENZA TECNICA,3,12,7,5,12,0
NASD13000N_0001,NASD13000N,ARCHITETTURA E AMBIENTE,5,13,3,10,13,0
NASD13000N_0002,NASD13000N,DESIGN - METALLI OREFICERIA E CORALLO,5,14,3,11,14,0
NASD13000N_0003,NASD13000N,AUDIOVISIVO MULTIMEDIA,5,12,3,9,12,0
NASD13000N_0004,NASD13000N,AUDIOVISIVO MULTIMEDIA,5,12,3,9,12,0
NASD13000N_0005,NASD13000N,ARTISTICO NUOVO ORDINAMENTO - BIENNIO COMUNE,1,20,4,16,20,0
NASD13000N_0006,NASD13000N,ARTISTICO NUOVO ORDINAMENTO - BIENNIO COMUNE,1,20,4,16,20,0
NASD13000N_0007,NASD13000N,ARTISTICO NUOVO ORDINAMENTO - BIENNIO COMUNE,1,20,4,16,20,0
NASD13000N_0008,NASD13000N,ARTISTICO NUOVO ORDINAMENTO - BIENNIO COMUNE,1,20,4,16,20,0
NASD13000N_0009,NASD13000N,ARTISTICO NUOVO ORDINAMENTO - BIENNIO COMUNE,1,20,4,16,20,0
NASD13000N_0010,NASD13000N,ARTISTICO NUOVO ORDINAMENTO - BIENNIO COMUNE,1,20,4,16,20,0
NASD13000N_0011,NASD13000N,ARTISTICO NUOVO ORDINAMENTO - BIENNIO COMUNE,1,20,4,16,20,0
NASD13000N_0012,NASD13000N,ARTISTICO NUOVO ORDINAMENTO - BIENNIO COMUNE,1,19,4,15,19,0
NASD13000N_0013,NASD13000N,GRAFICA,3,18,4,14,18,0
NASD13000N_0014,NASD13000N,GRAFICA,3,17,4,13,17,0
NASD13000N_0015,NASD13000N,GRAFICA,4,22,5,17,22,0
NASD13000N_0016,NASD13000N,GRAFICA,4,21,4,17,21,0
NASD13000N_0017,NASD13000N,AUDIOVISIVO MULTIMEDIA,3,17,4,13,17,0
NASD13000N_0018,NASD13000N,ARCHITETTURA E AMBIENTE,4,19,4,15,19,0
NASD13000N_0019,NASD13000N,GRAFICA,5,14,3,11,14,0
NASD13000N_0020,NASD13000N,GRAFICA,5,14,3,11,14,0
NASD13000N_0021,NASD13000N,DESIGN - MODA,3,16,3,13,16,0
NASD13000N_0022,NASD13000N,DESIGN - MODA,3,15,3,12,15,0
NASD13000N_0023,NASD13000N,DESIGN - MODA,5,20,4,16,20,0
NASD13000N_0024,NASD13000N,ARCHITETTURA E AMBIENTE,3,17,4,13,17,0
NASD13000N_0025,NASD13000N,AUDIOVISIVO MULTIMEDIA,4,15,3,12,15,0
NASD13000N_0026,NASD13000N,ARTISTICO NUOVO ORDINAMENTO - BIENNIO COMUNE,2,22,5,17,22,0
NASD13000N_0027,NASD13000N,ARTISTICO NUOVO ORDINAMENTO - BIENNIO COMUNE,2,22,5,17,22,0
NASD13000N_0028,NASD13000N,ARTISTICO NUOVO ORDINAMENTO - BIENNIO COMUNE,2,22,5,17,22,0
NASD13000N_0029,NASD13000N,ARTISTICO NUOVO ORDINAMENTO - BIENNIO COMUNE,2,22,5,17,22,0
NASD13000N_0030,NASD13000N,ARTISTICO NUOVO ORDINAMENTO - BIENNIO COMUNE,2,22,5,17,22,0
NASD13000N_0031,NASD13000N,ARTISTICO NUOVO ORDINAMENTO - BIENNIO COMUNE,2,21,4,17,21,0
NASD13000N_0032,NASD13000N,ARTISTICO NUOVO ORDINAMENTO - BIENNIO COMUNE,2,21,4,17,21,0
NASD13000N_0033,NASD13000N,DESIGN - METALLI OREFICERIA E CORALLO,4,19,4,15,19,0
NASD13000N_0034,NASD13000N,DESIGN - MODA,4,13,3,10,13,0
NASD13000N_0035,NASD13000N,DESIGN - MODA,4,13,3,10,13,0
NASD13000N_0036,NASD13000N,DESIGN - METALLI OREFICERIA E CORALLO,3,22,5,17,22,0
PARH02000A_0001,PARH02000A,OPERATORE DELLA RISTORAZIONE,1,14,9,5,13,1
PARH02000A_0002,PARH02000A,ENOGASTRONOMIA E OSPITALITA' ALBERGHIERA,4,22,14,8,21,1
PARH02000A_0003,PARH02000A,ENOGASTRONOMIA E OSPITALITA' ALBERGHIERA,4,22,14,8,21,1
PARH02000A_0004,PARH02000A,ENOGASTRONOMIA E OSPITALITA' ALBERGHIERA,4,22,14,8,21,1
PARH02000A_0005,PARH02000A,ENOGASTRONOMIA E OSPITALITA' ALBERGHIERA,4,21,13,8,20,1
PARH02000A_0006,PARH02000A,ENOGASTRONOMIA E OSPITALITA' ALBERGHIERA,4,21,13,8,20,1
PARH02000A_0007,PARH02000A,ENOGASTRONOMIA E OSPITALITA' ALBERGHIERA,4,21,13,8,20,1
PARH02000A_0008,PARH02000A,ENOGASTRONOMIA E OSPITALITA' ALBERGHIERA,4,21,13,8,20,1
PARH02000A_0009,PARH02000A,ENOGASTRONOMIA E OSPITALITA' ALBERGHIERA,4,21,13,8,20,1
PARH02000A_0010,PARH02000A,ENOGASTRONOMIA E OSPITALITA' ALBERGHIERA,4,21,13,8,20,1
PARH02000A_0011,PARH02000A,ENOGASTRONOMIA E OSPITALITA' ALBERGHIERA,4,21,13,8,20,1
PARH02000A_0012,PARH02000A,ENOGASTRONOMIA E OSPITALITA' ALBERGHIERA,4,21,13,8,20,1
PARH02000A_0013,PARH02000A,ENOGASTRONOMIA E OSPITALITA' ALBERGHIERA,4,21,13,8,20,1
PARH02000A_0014,PARH02000A,ENOGASTRONOMIA E OSPITALITA' ALBERGHIERA,4,21,13,8,20,1
PARH02000A_0015,PARH02000A,ENOGASTRONOMIA E OSPITALITA' ALBERGHIERA,4,21,13,8,20,1
PARH02000A_0016,PARH02000A,ENOGASTRONOMIA E OSPITALITA' ALBERGHIERA,4,21,13,8,20,1
PARH02000A_0017,PARH02000A,ENOGASTRONOMIA E OSPITALITA' ALBERGHIERA,1,22,14,8,21,1
PARH02000A_0018,PARH02000A,ENOGASTRONOMIA E OSPITALITA' ALBERGHIERA,1,22,14,8,21,1
PARH02000A_0019,PARH02000A,ENOGASTRONOMIA E OSPITALITA' ALBERGHIERA,1,22,14,8,21,1
PARH02000A_0020,PARH02000A,ENOGASTRONOMIA E OSPITALITA' ALBERGHIERA,1,22,14,8,21,1
PARH02000A_0021,PARH02000A,ENOGASTRONOMIA E OSPITALITA' ALBERGHIERA,1,22,14,8,21,1
PARH02000A_0022,PARH02000A,ENOGASTRONOMIA E OSPITALITA' ALBERGHIERA,1,22,14,8,21,1
PARH02000A_0023,PARH02000A,ENOGASTRONOMIA E OSPITALITA' ALBERGHIERA,1,22,14,8,21,1
PARH02000A_0024,PARH02000A,ENOGASTRONOMIA E OSPITALITA' ALBERGHIERA,1,21,13,8,20,1
PARH02000A_0025,PARH02000A,ENOGASTRONOMIA E OSPITALITA' ALBERGHIERA,1,21,13,8,20,1
PARH02000A_0026,PARH02000A,ENOGASTRONOMIA E OSPITALITA' ALBERGHIERA,1,21,13,8,20,1
PARH02000A_0027,PARH02000A,ENOGASTRONOMIA E OSPITALITA' ALBERGHIERA,1,21,13,8,20,1
PARH02000A_0028,PARH02000A,ENOGASTRONOMIA E OSPITALITA' ALBERGHIERA,1,21,13,8,20,1
PARH02000A_0029,PARH02000A,ENOGASTRONOMIA E OSPITALITA' ALBERGHIERA,1,21,13,8,20,1
PARH02000A_0030,PARH02000A,ENOGASTRONOMIA E OSPITALITA' ALBERGHIERA,1,21,13,8,20,1
PARH02000A_0031,PARH02000A,ENOGASTRONOMIA E OSPITALITA' ALBERGHIERA,1,21,13,8,20,1
PARH02000A_0032,PARH02000A,ENOGASTRONOMIA E OSPITALITA' ALBERGHIERA,2,21,13,8,20,1
PARH02000A_0033,PARH02000A,ENOGASTRONOMIA E OSPITALITA' ALBERGHIERA,2,21,13,8,20,1
PARH02000A_0034,PARH02000A,ENOGASTRONOMIA E OSPITALITA' ALBERGHIERA,2,21,13,8,20,1
PARH02000A_0035,PARH02000A,ENOGASTRONOMIA E OSPITALITA' ALBERGHIERA,2,21,13,8,20,1
PARH02000A_0036,PARH02000A,ENOGASTRONOMIA E OSPITALITA' ALBERGHIERA,2,21,13,8,20,1
PARH02000A_0037,PARH02000A,ENOGASTRONOMIA E OSPITALITA' ALBERGHIERA,2,21,13,8,20,1
PARH02000A_0038,PARH02000A,ENOGASTRONOMIA E OSPITALITA' ALBERGHIERA,2,21,13,8,20,1
PARH02000A_0039,PARH02000A,ENOGASTRONOMIA E OSPITALITA' ALBERGHIERA,2,21,13,8,20,1
PARH02000A_0040,PARH02000A,ENOGASTRONOMIA E OSPITALITA' ALBERGHIERA,2,21,13,8,20,1
PARH02000A_0041,PARH02000A,ENOGASTRONOMIA E OSPITALITA' ALBERGHIERA,2,21,13,8,20,1
PARH02000A_0042,PARH02000A,ENOGASTRONOMIA E OSPITALITA' ALBERGHIERA,2,21,13,8,20,1
PARH02000A_0043,PARH02000A,ENOGASTRONOMIA E OSPITALITA' ALBERGHIERA,2,21,13,8,20,1
PARH02000A_0044,PARH02000A,ENOGASTRONOMIA E OSPITALITA' ALBERGHIERA,2,21,13,8,20,1
PARH02000A_0045,PARH02000A,ENOGASTRONOMIA E OSPITALITA' ALBERGHIERA,2,21,13,8,20,1
PARH02000A_0046,PARH02000A,ENOGASTRONOMIA E OSPITALITA' ALBERGHIERA,2,21,13,8,20,1
PARH02000A_0047,PARH02000A,ENOGASTRONOMIA E OSPITALITA' ALBERGHIERA,2,21,13,8,20,1
PARH02000A_0048,PARH02000A,ENOGASTRONOMIA E OSPITALITA' ALBERGHIERA,2,21,13,8,20,1
PARH02000A_0049,PARH02000A,ENOGASTRONOMIA E OSPITALITA' ALBERGHIERA,3,22,14,8,21,1
PARH02000A_0050,PARH02000A,ENOGASTRONOMIA E OSPITALITA' ALBERGHIERA,3,22,14,8,21,1
PARH02000A_0051,PARH02000A,ENOGASTRONOMIA E OSPITALITA' ALBERGHIERA,3,22,14,8,21,1
PARH02000A_0052,PARH02000A,ENOGASTRONOMIA E OSPITALITA' ALBERGHIERA,3,22,14,8,21,1
PARH02000A_0053,PARH02000A,ENOGASTRONOMIA E OSPITALITA' ALBERGHIERA,3,22,14,8,21,1
PARH02000A_0054,PARH02000A,ENOGASTRONOMIA E OSPITALITA' ALBERGHIERA,3,21,13,8,20,1
PARH02000A_0055,PARH02000A,ENOGASTRONOMIA E OSPITALITA' ALBERGHIERA,3,21,13,8,20,1
PARH02000A_0056,PARH02000A,ENOGASTRONOMIA E OSPITALITA' ALBERGHIERA,3,21,13,8,20,1
PARH02000A_0057,PARH02000A,ENOGASTRONOMIA E OSPITALITA' ALBERGHIERA,3,21,13,8,20,1
PARH02000A_0058,PARH02000A,ENOGASTRONOMIA E OSPITALITA' ALBERGHIERA,3,21,13,8,20,1
PARH02000A_0059,PARH02000A,ENOGASTRONOMIA E OSPITALITA' ALBERGHIERA,3,21,13,8,20,1
PARH02000A_0060,PARH02000A,ENOGASTRONOMIA E OSPITALITA' ALBERGHIERA,3,21,13,8,20,1
PARH02000A_0061,PARH02000A,ENOGASTRONOMIA E OSPITALITA' ALBERGHIERA,3,21,13,8,20,1
PARH02000A_0062,PARH02000A,ENOGASTRONOMIA E OSPITALITA' ALBERGHIERA,3,21,13,8,20,1
PARH02000A_0063,PARH02000A,ENOGASTRONOMIA E OSPITALITA' ALBERGHIERA,3,21,13,8,20,1
PARH02000A_0064,PARH02000A,ENOGASTRONOMIA E OSPITALITA' ALBERGHIERA,3,21,13,8,20,1
PARH02000A_0065,PARH02000A,ENOGASTRONOMIA E OSPITALITA' ALBERGHIERA,5,22,14,8,21,1
PARH02000A_0066,PARH02000A,ENOGASTRONOMIA E OSPITALITA' ALBERGHIERA,5,22,14,8,21,1
PARH02000A_0067,PARH02000A,ENOGASTRONOMIA E OSPITALITA' ALBERGHIERA,5,22,14,8,21,1
PARH02000A_0068,PARH02000A,ENOGASTRONOMIA E OSPITALITA' ALBERGHIERA,5,22,14,8,21,1
PARH02000A_0069,PARH02000A,ENOGASTRONOMIA E OSPITALITA' ALBERGHIERA,5,22,14,8,21,1
PARH02000A_0070,PARH02000A,ENOGASTRONOMIA E OSPITALITA' ALBERGHIERA,5,22,14,8,21,1
PARH02000A_0071,PARH02000A,ENOGASTRONOMIA E OSPITALITA' ALBERGHIERA,5,22,14,8,21,1
PARH02000A_0072,PARH02000A,ENOGASTRONOMIA E OSPITALITA' ALBERGHIERA,5,22,14,8,21,1
PARH02000A_0073,PARH02000A,ENOGASTRONOMIA E OSPITALITA' ALBERGHIERA,5,22,14,8,21,1
PARH02000A_0074,PARH02000A,ENOGASTRONOMIA E OSPITALITA' ALBERGHIERA,5,21,13,8,20,1
PARH02000A_0075,PARH02000A,ENOGASTRONOMIA E OSPITALITA' ALBERGHIERA,5,21,13,8,20,1
PARH02000A_0076,PARH02000A,ENOGASTRONOMIA E OSPITALITA' ALBERGHIERA,5,21,13,8,20,1
PARH02000A_0077,PARH02000A,ENOGASTRONOMIA E OSPITALITA' ALBERGHIERA,5,21,13,8,20,1
PARH02000A_0078,PARH02000A,ENOGASTRONOMIA E OSPITALITA' ALBERGHIERA,5,21,13,8,20,1
PARH02000A_0079,PARH02000A,ENOGASTRONOMIA E OSPITALITA' ALBERGHIERA,5,21,13,8,20,1
PARH02000A_0080,PARH02000A,ENOGASTRONOMIA E OSPITALITA' ALBERGHIERA,5,21,13,8,20,1
PDRI02251Q_0001,PDRI02251Q,SERVIZI SOCIO-SANITARI - ODONTOTECNICO,5,9,3,6,5,4
PDRI02251Q_0002,PDRI02251Q,SERVIZI SOCIO-SANITARI - ODONTOTECNICO,4,13,4,9,8,5
PDRI02251Q_0003,PDRI02251Q,INDUSTRIA - TRIENNIO,4,16,5,11,10,6
PDRI02251Q_0004,PDRI02251Q,INDUSTRIA - TRIENNIO,5,21,7,14,13,8
PETD03000D_0001,PETD03000D,TURISMO,1,12,8,4,11,1
PETD03000D_0002,PETD03000D,TURISMO,1,11,7,4,10,1
PETD03000D_0003,PETD03000D,AMMINISTRAZIONE FINANZA E MARKETING - TRIENNIO,4,16,10,6,15,1
PETD03000D_0004,PETD03000D,AMMINISTRAZIONE FINANZA E MARKETING - TRIENNIO,4,15,10,5,14,1
PETD03000D_0005,PETD03000D,SISTEMI INFORMATIVI AZIENDALI,3,13,8,5,12,1
PETD03000D_0006,PETD03000D,SISTEMI INFORMATIVI AZIENDALI,3,12,8,4,11,1
PETD03000D_0007,PETD03000D,AMMINISTRAZIONE FINANZA E MARKETING - TRIENNIO,3,21,14,7,20,1
PETD03000D_0008,PETD03000D,"COSTR., AMB. E TERRITORIO - BIENNIO COM.",2,14,9,5,13,1
PETD03000D_0009,PETD03000D,TURISMO,3,13,8,5,12,1
PETD03000D_0010,PETD03000D,TURISMO,3,12,8,4,11,1
PETD03000D_0011,PETD03000D,AMM. FINAN. MARKETING - BIENNIO COMUNE,2,16,10,6,15,1
PETD03000D_0012,PETD03000D,AMM. FINAN. MARKETING - BIENNIO COMUNE,2,16,10,6,15,1
PETD03000D_0013,PETD03000D,TECNOLOGIE DEL LEGNO NELLE COSTRUZIONE - OPZIONE,4,12,8,4,11,1
PETD03000D_0014,PETD03000D,TECNOLOGIE DEL LEGNO NELLE COSTRUZIONE - OPZIONE,4,12,8,4,11,1
PETD03000D_0015,PETD03000D,"COSTR., AMB. E TERRITORIO - BIENNIO COM.",1,20,13,7,19,1
PETD03000D_0016,PETD03000D,TECNOLOGIE DEL LEGNO NELLE COSTRUZIONE - OPZIONE,3,11,7,4,10,1
PETD03000D_0017,PETD03000D,TURISMO,2,13,8,5,12,1
PETD03000D_0018,PETD03000D,TURISMO,2,12,8,4,11,1
PETD03000D_0019,PETD03000D,SISTEMI INFORMATIVI AZIENDALI,5,8,5,3,8,0
PETD03000D_0020,PETD03000D,TURISMO,5,15,10,5,14,1
PETD03000D_0021,PETD03000D,TURISMO,5,15,10,5,14,1
PETD03000D_0022,PETD03000D,SISTEMI INFORMATIVI AZIENDALI,4,10,6,4,9,1
PETD03000D_0023,PETD03000D,AMMINISTRAZIONE FINANZA E MARKETING - TRIENNIO,5,20,13,7,19,1
PETD03000D_0024,PETD03000D,TURISMO,4,12,8,4,11,1
PETD03000D_0025,PETD03000D,TURISMO,4,12,8,4,11,1
PETD03000D_0026,PETD03000D,AMM. FINAN. MARKETING - BIENNIO COMUNE,1,18,12,6,17,1
PETD03000D_0027,PETD03000D,AMM. FINAN. MARKETING - BIENNIO COMUNE,1,18,12,6,17,1
PETD03000D_0028,PETD03000D,AMM. FINAN. MARKETING - BIENNIO COMUNE,1,18,12,6,17,1
PETD03000D_0029,PETD03000D,AMM. FINAN. MARKETING - BIENNIO COMUNE,1,17,11,6,16,1
PGPS003011_0001,PGPS003011,SCIENTIFICO,5,17,9,8,15,2
PGPS003011_0002,PGPS003011,SCIENTIFICO,5,17,9,8,15,2
PGPS003011_0003,PGPS003011,SCIENTIFICO,5,17,9,8,15,2
PGPS003011_0004,PGPS003011,SCIENTIFICO,5,16,9,7,14,2
PGPS003011_0005,PGPS003011,SCIENTIFICO,4,19,10,9,17,2
PGPS003011_0006,PGPS003011,SCIENTIFICO,4,18,10,8,16,2
PGPS003011_0007,PGPS003011,SCIENTIFICO,4,18,10,8,16,2
PGPS003011_0008,PGPS003011,SCIENTIFICO,2,22,12,10,20,2
PGPS003011_0009,PGPS003011,SCIENTIFICO,2,22,12,10,20,2
PGPS003011_0010,PGPS003011,SCIENTIFICO,1,22,12,10,20,2
PGPS003011_0011,PGPS003011,SCIENTIFICO,1,22,12,10,20,2
PGPS003011_0012,PGPS003011,SCIENTIFICO,3,20,11,9,18,2
PGPS003011_0013,PGPS003011,SCIENTIFICO,3,20,11,9,18,2
PGPS003011_0014,PGPS003011,SCIENTIFICO,3,19,10,9,17,2
PGRC01401X_0001,PGRC01401X,SERVIZI COMMERCIALI,2,20,10,10,12,8
PGRC01401X_0002,PGRC01401X,SERVIZI COMMERCIALI,2,20,10,10,12,8
PGRC01401X_0003,PGRC01401X,SERVIZI COMMERCIALI,5,20,10,10,12,8
PGRC01401X_0004,PGRC01401X,SERVIZI COMMERCIALI,1,21,10,11,13,8
PGRC01401X_0005,PGRC01401X,SERVIZI COMMERCIALI,1,20,10,10,12,8
PGRC01401X_0006,PGRC01401X,SERVIZI COMMERCIALI,4,17,8,9,10,7
PGRC01401X_0007,PGRC01401X,SERVIZI COMMERCIALI,4,16,8,8,10,6
PGRC01401X_0008,PGRC01401X,SERVIZI COMMERCIALI,3,17,8,9,10,7
PGRC01401X_0009,PGRC01401X,SERVIZI COMMERCIALI,3,17,8,9,10,7
PGTD12000A_0001,PGTD12000A,TURISMO,2,22,14,8,17,5
PGTD12000A_0002,PGTD12000A,TURISMO,5,10,6,4,8,2
PGTD12000A_0003,PGTD12000A,TURISMO,1,17,11,6,13,4
PGTD12000A_0004,PGTD12000A,TURISMO,3,13,8,5,10,3
PGTD12000A_0005,PGTD12000A,TURISMO,3,12,8,4,9,3
PGTD12000A_0006,PGTD12000A,TURISMO,4,13,8,5,10,3
PIPM030002_0001,PIPM030002,MUSICALE E COREUTICO - SEZ. MUSICALE,1,13,3,10,12,1
PIPM030002_0002,PIPM030002,MUSICALE E COREUTICO - SEZ. MUSICALE,1,13,3,10,12,1
PIPM030002_0003,PIPM030002,SCIENZE UMANE,5,22,6,16,20,2
PIPM030002_0004,PIPM030002,SCIENZE UMANE,5,22,6,16,20,2
PIPM030002_0005,PIPM030002,SCIENZE UMANE,5,21,5,16,19,2
PIPM030002_0006,PIPM030002,MUSICALE E COREUTICO - SEZ. MUSICALE,5,12,3,9,11,1
PIPM030002_0007,PIPM030002,MUSICALE E COREUTICO - SEZ. MUSICALE,5,12,3,9,11,1
PIPM030002_0008,PIPM030002,SCIENZE UMANE,1,20,5,15,19,1
PIPM030002_0009,PIPM030002,SCIENZE UMANE,1,20,5,15,19,1
PIPM030002_0010,PIPM030002,SCIENZE UMANE,1,20,5,15,19,1
PIPM030002_0011,PIPM030002,SCIENZE UMANE,1,20,5,15,19,1
PIPM030002_0012,PIPM030002,SCIENZE UMANE,1,19,5,14,18,1
PIPM030002_0013,PIPM030002,SCIENZE UMANE,1,19,5,14,18,1
PIPM030002_0014,PIPM030002,MUSICALE E COREUTICO - SEZ. MUSICALE,2,20,5,15,19,1
PIPM030002_0015,PIPM030002,SCIENZE UMANE,2,20,5,15,19,1
PIPM030002_0016,PIPM030002,SCIENZE UMANE,2,20,5,15,19,1
PIPM030002_0017,PIPM030002,SCIENZE UMANE,2,20,5,15,19,1
PIPM030002_0018,PIPM030002,SCIENZE UMANE,2,20,5,15,19,1
PIPM030002_0019,PIPM030002,SCIENZE UMANE,2,19,5,14,18,1
PIPM030002_0020,PIPM030002,SCIENZE UMANE,2,19,5,14,18,1
PIPM030002_0021,PIPM030002,SCIENZE UMANE - OPZ. ECONOMICO SOCIALE,3,16,4,12,15,1
PIPM030002_0022,PIPM030002,SCIENZE UMANE - OPZ. ECONOMICO SOCIALE,3,16,4,12,15,1
PIPM030002_0023,PIPM030002,SCIENZE UMANE - OPZ. ECONOMICO SOCIALE,3,15,4,11,14,1
PIPM030002_0024,PIPM030002,SCIENZE UMANE - OPZ. ECONOMICO SOCIALE,1,20,5,15,19,1
PIPM030002_0025,PIPM030002,SCIENZE UMANE - OPZ. ECONOMICO SOCIALE,2,16,4,12,15,1
PIPM030002_0026,PIPM030002,SCIENZE UMANE - OPZ. ECONOMICO SOCIALE,2,15,4,11,14,1
PIPM030002_0027,PIPM030002,SCIENZE UMANE - OPZ. ECONOMICO SOCIALE,2,15,4,11,14,1
PIPM030002_0028,PIPM030002,LINGUISTICO,5,19,5,14,18,1
PIPM030002_0029,PIPM030002,LINGUISTICO,5,19,5,14,18,1
PIPM030002_0030,PIPM030002,LINGUISTICO,5,19,5,14,18,1
PIPM030002_0031,PIPM030002,MUSICALE E COREUTICO - SEZ. MUSICALE,4,22,6,16,20,2
PIPM030002_0032,PIPM030002,SCIENZE UMANE,4,18,5,13,17,1
PIPM030002_0033,PIPM030002,SCIENZE UMANE,4,18,5,13,17,1
PIPM030002_0034,PIPM030002,SCIENZE UMANE,4,18,5,13,17,1
PIPM030002_0035,PIPM030002,SCIENZE UMANE,4,18,5,13,17,1
PIPM030002_0036,PIPM030002,SCIENZE UMANE,4,17,4,13,16,1
PIPM030002_0037,PIPM030002,LINGUISTICO,1,18,5,13,17,1
PIPM030002_0038,PIPM030002,LINGUISTICO,1,18,5,13,17,1
PIPM030002_0039,PIPM030002,LINGUISTICO,1,17,4,13,16,1
PIPM030002_0040,PIPM030002,LINGUISTICO,1,17,4,13,16,1
PIPM030002_0041,PIPM030002,LINGUISTICO,2,18,5,13,17,1
PIPM030002_0042,PIPM030002,LINGUISTICO,2,18,5,13,17,1
PIPM030002_0043,PIPM030002,LINGUISTICO,2,17,4,13,16,1
PIPM030002_0044,PIPM030002,LINGUISTICO,2,17,4,13,16,1
PIPM030002_0045,PIPM030002,SCIENZE UMANE - OPZ. ECONOMICO SOCIALE,5,16,4,12,15,1
PIPM030002_0046,PIPM030002,MUSICALE E COREUTICO - SEZ. MUSICALE,3,16,4,12,15,1
PIPM030002_0047,PIPM030002,LINGUISTICO,3,18,5,13,17,1
PIPM030002_0048,PIPM030002,LINGUISTICO,3,18,5,13,17,1
PIPM030002_0049,PIPM030002,LINGUISTICO,3,18,5,13,17,1
PIPM030002_0050,PIPM030002,LINGUISTICO,3,18,5,13,17,1
PIPM030002_0051,PIPM030002,LINGUISTICO,3,18,5,13,17,1
PIPM030002_0052,PIPM030002,LINGUISTICO,4,20,5,15,19,1
PIPM030002_0053,PIPM030002,LINGUISTICO,4,20,5,15,19,1
PIPM030002_0054,PIPM030002,LINGUISTICO,4,19,5,14,18,1
PIPM030002_0055,PIPM030002,LINGUISTICO,4,19,5,14,18,1
PIPM030002_0056,PIPM030002,SCIENZE UMANE,3,21,5,16,19,2
PIPM030002_0057,PIPM030002,SCIENZE UMANE,3,21,5,16,19,2
PIPM030002_0058,PIPM030002,SCIENZE UMANE,3,21,5,16,19,2
PIPM030002_0059,PIPM030002,SCIENZE UMANE,3,21,5,16,19,2
PIPM030002_0060,PIPM030002,SCIENZE UMANE,3,20,5,15,19,1
PIPM030002_0061,PIPM030002,SCIENZE UMANE - OPZ. ECONOMICO SOCIALE,4,21,5,16,19,2
PNPM00201B_0001,PNPM00201B,SCIENZE UMANE - OPZ. ECONOMICO SOCIALE,5,22,9,13,20,2
PNPM00201B_0002,PNPM00201B,SCIENTIFICO - OPZIONE SCIENZE APPLICATE,3,19,8,11,17,2
PNPM00201B_0003,PNPM00201B,SCIENTIFICO - OPZIONE SCIENZE APPLICATE,3,18,7,11,17,1
PNPM00201B_0004,PNPM00201B,LINGUISTICO,4,21,8,13,19,2
PNPM00201B_0005,PNPM00201B,LINGUISTICO,4,21,8,13,19,2
PNPM00201B_0006,PNPM00201B,SCIENZE UMANE - OPZ. ECONOMICO SOCIALE,3,13,5,8,12,1
PNPM00201B_0007,PNPM00201B,SCIENZE UMANE - OPZ. ECONOMICO SOCIALE,3,12,5,7,11,1
PNPM00201B_0008,PNPM00201B,SCIENTIFICO,1,13,5,8,12,1
PNPM00201B_0009,PNPM00201B,SCIENTIFICO,1,13,5,8,12,1
PNPM00201B_0010,PNPM00201B,SCIENTIFICO - OPZIONE SCIENZE APPLICATE,2,17,7,10,16,1
PNPM00201B_0011,PNPM00201B,SCIENTIFICO - OPZIONE SCIENZE APPLICATE,2,17,7,10,16,1
PNPM00201B_0012,PNPM00201B,SCIENTIFICO - OPZIONE SCIENZE APPLICATE,2,17,7,10,16,1
PNPM00201B_0013,PNPM00201B,SCIENTIFICO - OPZIONE SCIENZE APPLICATE,2,16,6,10,15,1
PNPM00201B_0014,PNPM00201B,LINGUISTICO,3,22,9,13,20,2
PNPM00201B_0015,PNPM00201B,LINGUISTICO,3,22,9,13,20,2
PNPM00201B_0016,PNPM00201B,SCIENZE UMANE - OPZ. ECONOMICO SOCIALE,2,18,7,11,17,1
PNPM00201B_0017,PNPM00201B,SCIENZE UMANE - OPZ. ECONOMICO SOCIALE,2,18,7,11,17,1
PNPM00201B_0018,PNPM00201B,SCIENZE UMANE - OPZ. ECONOMICO SOCIALE,2,17,7,10,16,1
PNPM00201B_0019,PNPM00201B,LINGUISTICO,1,18,7,11,17,1
PNPM00201B_0020,PNPM00201B,LINGUISTICO,1,18,7,11,17,1
PNPM00201B_0021,PNPM00201B,LINGUISTICO,1,17,7,10,16,1
PNPM00201B_0022,PNPM00201B,SCIENTIFICO,5,14,6,8,13,1
PNPM00201B_0023,PNPM00201B,SCIENTIFICO,5,13,5,8,12,1
PNPM00201B_0024,PNPM00201B,SCIENTIFICO,4,22,9,13,20,2
PNPM00201B_0025,PNPM00201B,SCIENTIFICO,4,21,8,13,19,2
PNPM00201B_0026,PNPM00201B,SCIENZE UMANE - OPZ. ECONOMICO SOCIALE,1,16,6,10,15,1
PNPM00201B_0027,PNPM00201B,SCIENZE UMANE - OPZ. ECONOMICO SOCIALE,1,15,6,9,14,1
PNPM00201B_0028,PNPM00201B,SCIENZE UMANE - OPZ. ECONOMICO SOCIALE,1,15,6,9,14,1
PNPM00201B_0029,PNPM00201B,SCIENTIFICO - OPZIONE SCIENZE APPLICATE,1,16,6,10,15,1
PNPM00201B_0030,PNPM00201B,SCIENTIFICO - OPZIONE SCIENZE APPLICATE,1,16,6,10,15,1
PNPM00201B_0031,PNPM00201B,SCIENTIFICO - OPZIONE SCIENZE APPLICATE,1,15,6,9,14,1
PNPM00201B_0032,PNPM00201B,SCIENTIFICO - OPZIONE SCIENZE APPLICATE,4,22,9,13,20,2
PNPM00201B_0033,PNPM00201B,SCIENTIFICO - OPZIONE SCIENZE APPLICATE,4,21,8,13,19,2
PNPM00201B_0034,PNPM00201B,LINGUISTICO,2,18,7,11,17,1
PNPM00201B_0035,PNPM00201B,LINGUISTICO,2,18,7,11,17,1
PNPM00201B_0036,PNPM00201B,SCIENZE UMANE - OPZ. ECONOMICO SOCIALE,4,21,8,13,19,2
PNPM00201B_0037,PNPM00201B,SCIENZE UMANE - OPZ. ECONOMICO SOCIALE,4,21,8,13,19,2
PNPM00201B_0038,PNPM00201B,SCIENTIFICO,2,21,8,13,19,2
PNPM00201B_0039,PNPM00201B,SCIENTIFICO,2,21,8,13,19,2
PNPM00201B_0040,PNPM00201B,SCIENTIFICO - OPZIONE SCIENZE APPLICATE,5,18,7,11,17,1
PNPM00201B_0041,PNPM00201B,LINGUISTICO,5,19,8,11,17,2
PNPM00201B_0042,PNPM00201B,LINGUISTICO,5,19,8,11,17,2
PNPM00201B_0043,PNPM00201B,SCIENTIFICO,3,22,9,13,20,2
PNPM00201B_0044,PNPM00201B,SCIENTIFICO,3,21,8,13,19,2
PSRF001014_0001,PSRF001014,SERVIZI PER LA SANITA' E L'ASSISTENZA SOCIALE,2,16,1,15,12,4
PSRF001014_0002,PSRF001014,SERVIZI PER LA SANITA' E L'ASSISTENZA SOCIALE,5,11,0,11,8,3
PSRF001014_0003,PSRF001014,SERVIZI PER LA SANITA' E L'ASSISTENZA SOCIALE,4,18,1,17,13,5
PSRF001014_0004,PSRF001014,SERVIZI PER LA SANITA' E L'ASSISTENZA SOCIALE,3,13,1,12,10,3
PSRF001014_0005,PSRF001014,SERVIZI PER LA SANITA' E L'ASSISTENZA SOCIALE,1,18,1,17,13,5
PSSD07000N_0001,PSSD07000N,ARTI FIGURATIVE - GRAFICO-PITTORICO,5,18,5,13,16,2
PSSD07000N_0002,PSSD07000N,AUDIOVISIVO MULTIMEDIA,3,17,4,13,15,2
PSSD07000N_0003,PSSD07000N,AUDIOVISIVO MULTIMEDIA,3,17,4,13,15,2
PSSD07000N_0004,PSSD07000N,AUDIOVISIVO MULTIMEDIA,3,17,4,13,15,2
PSSD07000N_0005,PSSD07000N,ARCHITETTURA E AMBIENTE,3,22,6,16,20,2
PSSD07000N_0006,PSSD07000N,ARTI FIGURATIVE - GRAFICO-PITTORICO,3,14,4,10,13,1
PSSD07000N_0007,PSSD07000N,ARTI FIGURATIVE - GRAFICO-PITTORICO,3,14,4,10,13,1
PSSD07000N_0008,PSSD07000N,DESIGN - ARREDAMENTO E LEGNO,4,12,3,9,11,1
PSSD07000N_0009,PSSD07000N,DESIGN - ARREDAMENTO E LEGNO,4,11,3,8,10,1
PSSD07000N_0010,PSSD07000N,ARTISTICO NUOVO ORDINAMENTO - BIENNIO COMUNE,2,22,6,16,20,2
PSSD07000N_0011,PSSD07000N,ARTISTICO NUOVO ORDINAMENTO - BIENNIO COMUNE,2,22,6,16,20,2
PSSD07000N_0012,PSSD07000N,ARTISTICO NUOVO ORDINAMENTO - BIENNIO COMUNE,2,22,6,16,20,2
PSSD07000N_0013,PSSD07000N,ARTISTICO NUOVO ORDINAMENTO - BIENNIO COMUNE,2,22,6,16,20,2
PSSD07000N_0014,PSSD07000N,ARTISTICO NUOVO ORDINAMENTO - BIENNIO COMUNE,2,22,6,16,20,2
PSSD07000N_0015,PSSD07000N,ARTISTICO NUOVO ORDINAMENTO - BIENNIO COMUNE,2,22,6,16,20,2
PSSD07000N_0016,PSSD07000N,ARTISTICO NUOVO ORDINAMENTO - BIENNIO COMUNE,2,22,6,16,20,2
PSSD07000N_0017,PSSD07000N,ARTISTICO NUOVO ORDINAMENTO - BIENNIO COMUNE,2,22,6,16,20,2
PSSD07000N_0018,PSSD07000N,ARTISTICO NUOVO ORDINAMENTO - BIENNIO COMUNE,2,22,6,16,20,2
PSSD07000N_0019,PSSD07000N,ARTISTICO NUOVO ORDINAMENTO - BIENNIO COMUNE,2,22,6,16,20,2
PSSD07000N_0020,PSSD07000N,DESIGN - ARREDAMENTO E LEGNO,5,22,6,16,20,2
PSSD07000N_0021,PSSD07000N,ARTISTICO NUOVO ORDINAMENTO - BIENNIO COMUNE,1,20,5,15,18,2
PSSD07000N_0022,PSSD07000N,ARTISTICO NUOVO ORDINAMENTO - BIENNIO COMUNE,1,20,5,15,18,2
PSSD07000N_0023,PSSD07000N,ARTISTICO NUOVO ORDINAMENTO - BIENNIO COMUNE,1,20,5,15,18,2
PSSD07000N_0024,PSSD07000N,ARTISTICO NUOVO ORDINAMENTO - BIENNIO COMUNE,1,20,5,15,18,2
PSSD07000N_0025,PSSD07000N,ARTISTICO NUOVO ORDINAMENTO - BIENNIO COMUNE,1,20,5,15,18,2
PSSD07000N_0026,PSSD07000N,ARTISTICO NUOVO ORDINAMENTO - BIENNIO COMUNE,1,20,5,15,18,2
PSSD07000N_0027,PSSD07000N,ARTISTICO NUOVO ORDINAMENTO - BIENNIO COMUNE,1,19,5,14,17,2
PSSD07000N_0028,PSSD07000N,ARTISTICO NUOVO ORDINAMENTO - BIENNIO COMUNE,1,19,5,14,17,2
PSSD07000N_0029,PSSD07000N,ARTISTICO NUOVO ORDINAMENTO - BIENNIO COMUNE,1,19,5,14,17,2
PSSD07000N_0030,PSSD07000N,DESIGN - MODA,4,19,5,14,17,2
PSSD07000N_0031,PSSD07000N,DESIGN - MODA,4,19,5,14,17,2
PSSD07000N_0032,PSSD07000N,AUDIOVISIVO MULTIMEDIA,5,22,6,16,20,2
PSSD07000N_0033,PSSD07000N,AUDIOVISIVO MULTIMEDIA,5,22,6,16,20,2
PSSD07000N_0034,PSSD07000N,GRAFICA,3,12,3,9,11,1
PSSD07000N_0035,PSSD07000N,GRAFICA,3,12,3,9,11,1
PSSD07000N_0036,PSSD07000N,DESIGN - MODA,3,13,3,10,12,1
PSSD07000N_0037,PSSD07000N,DESIGN - MODA,3,13,3,10,12,1
PSSD07000N_0038,PSSD07000N,GRAFICA,5,19,5,14,17,2
PSSD07000N_0039,PSSD07000N,ARCHITETTURA E AMBIENTE,5,13,3,10,12,1
PSSD07000N_0040,PSSD07000N,ARCHITETTURA E AMBIENTE,5,12,3,9,11,1
PSSD07000N_0041,PSSD07000N,ARTI FIGURATIVE - GRAFICO-PITTORICO,4,19,5,14,17,2
PSSD07000N_0042,PSSD07000N,ARTI FIGURATIVE - GRAFICO-PITTORICO,4,19,5,14,17,2
PSSD07000N_0043,PSSD07000N,GRAFICA,4,13,3,10,12,1
PSSD07000N_0044,PSSD07000N,GRAFICA,4,13,3,10,12,1
PSSD07000N_0045,PSSD07000N,ARCHITETTURA E AMBIENTE,4,14,4,10,13,1
PSSD07000N_0046,PSSD07000N,ARCHITETTURA E AMBIENTE,4,13,3,10,12,1
PSSD07000N_0047,PSSD07000N,DESIGN - MODA,5,17,4,13,15,2
PSSD07000N_0048,PSSD07000N,DESIGN - MODA,5,17,4,13,15,2
PSSD07000N_0049,PSSD07000N,AUDIOVISIVO MULTIMEDIA,4,18,5,13,16,2
PSSD07000N_0050,PSSD07000N,AUDIOVISIVO MULTIMEDIA,4,18,5,13,16,2
PSSD07000N_0051,PSSD07000N,AUDIOVISIVO MULTIMEDIA,4,18,5,13,16,2
PSSD07000N_0052,PSSD07000N,DESIGN - ARREDAMENTO E LEGNO,3,14,4,10,13,1
PSSD07000N_0053,PSSD07000N,DESIGN - ARREDAMENTO E LEGNO,3,13,3,10,12,1
PSTA01301D_0001,PSTA01301D,VITICOLTURA ED ENOLOGIA,3,13,9,4,13,0
PSTA01301D_0002,PSTA01301D,VITICOLTURA ED ENOLOGIA,3,12,9,3,12,0
PSTA01301D_0003,PSTA01301D,GESTIONE DELL'AMBIENTE E DEL TERRITORIO,3,18,13,5,18,0
PSTA01301D_0004,PSTA01301D,GESTIONE DELL'AMBIENTE E DEL TERRITORIO,3,18,13,5,18,0
PSTA01301D_0005,PSTA01301D,PRODUZIONI E TRASFORMAZIONI,4,15,11,4,15,0
PSTA01301D_0006,PSTA01301D,PRODUZIONI E TRASFORMAZIONI,4,15,11,4,15,0
PSTA01301D_0007,PSTA01301D,PRODUZIONI E TRASFORMAZIONI,4,15,11,4,15,0
PSTA01301D_0008,PSTA01301D,GESTIONE DELL'AMBIENTE E DEL TERRITORIO,4,16,11,5,16,0
PSTA01301D_0009,PSTA01301D,GESTIONE DELL'AMBIENTE E DEL TERRITORIO,4,16,11,5,16,0
PSTA01301D_0010,PSTA01301D,VITICOLTURA ED ENOLOGIA,5,11,8,3,11,0
PSTA01301D_0011,PSTA01301D,"AGRARIA, AGROAL. E AGROIND.-BIENNIO COM.",1,21,15,6,21,0
PSTA01301D_0012,PSTA01301D,"AGRARIA, AGROAL. E AGROIND.-BIENNIO COM.",1,21,15,6,21,0
PSTA01301D_0013,PSTA01301D,"AGRARIA, AGROAL. E AGROIND.-BIENNIO COM.",1,21,15,6,21,0
PSTA01301D_0014,PSTA01301D,"AGRARIA, AGROAL. E AGROIND.-BIENNIO COM.",1,21,15,6,21,0
PSTA01301D_0015,PSTA01301D,"AGRARIA, AGROAL. E AGROIND.-BIENNIO COM.",1,21,15,6,21,0
PSTA01301D_0016,PSTA01301D,"AGRARIA, AGROAL. E AGROIND.-BIENNIO COM.",1,20,14,6,20,0
PSTA01301D_0017,PSTA01301D,"AGRARIA, AGROAL. E AGROIND.-BIENNIO COM.",1,20,14,6,20,0
PSTA01301D_0018,PSTA01301D,"AGRARIA, AGROAL. E AGROIND.-BIENNIO COM.",2,21,15,6,21,0
PSTA01301D_0019,PSTA01301D,"AGRARIA, AGROAL. E AGROIND.-BIENNIO COM.",2,21,15,6,21,0
PSTA01301D_0020,PSTA01301D,"AGRARIA, AGROAL. E AGROIND.-BIENNIO COM.",2,21,15,6,21,0
PSTA01301D_0021,PSTA01301D,"AGRARIA, AGROAL. E AGROIND.-BIENNIO COM.",2,20,14,6,20,0
PSTA01301D_0022,PSTA01301D,VITICOLTURA ED ENOLOGIA,4,14,10,4,14,0
PSTA01301D_0023,PSTA01301D,PRODUZIONI E TRASFORMAZIONI,5,21,15,6,21,0
PSTA01301D_0024,PSTA01301D,PRODUZIONI E TRASFORMAZIONI,5,21,15,6,21,0
PSTA01301D_0025,PSTA01301D,GESTIONE DELL'AMBIENTE E DEL TERRITORIO,5,21,15,6,21,0
PSTA01301D_0026,PSTA01301D,GESTIONE DELL'AMBIENTE E DEL TERRITORIO,5,20,14,6,20,0
PSTA01301D_0027,PSTA01301D,PRODUZIONI E TRASFORMAZIONI,3,18,13,5,18,0
PSTA01301D_0028,PSTA01301D,PRODUZIONI E TRASFORMAZIONI,3,17,12,5,17,0
PSTA01301D_0029,PSTA01301D,PRODUZIONI E TRASFORMAZIONI,3,17,12,5,17,0
PTRA010008_0001,PTRA010008,MANUTENZIONE E ASSISTENZA TECNICA,3,16,12,4,13,3
PTRA010008_0002,PTRA010008,MANUTENZIONE E ASSISTENZA TECNICA,3,16,12,4,13,3
PTRA010008_0003,PTRA010008,MANUTENZIONE E ASSISTENZA TECNICA,3,16,12,4,13,3
PTRA010008_0004,PTRA010008,OPERATORE DEL BENESSERE,1,17,12,5,14,3
PTRA010008_0005,PTRA010008,OPERATORE DEL BENESSERE,1,17,12,5,14,3
PTRA010008_0006,PTRA010008,OPERATORE DEL BENESSERE,1,17,12,5,14,3
PTRA010008_0007,PTRA010008,"AGRICOLTURA, SVILUPPO RURALE, VALORIZZAZIONE DEI PRODOTTI DEL TERRITORIO E GESTIONE DELLE RISORSE FORESTALI E MONTANE",2,22,16,6,18,4
PTRA010008_0008,PTRA010008,"AGRICOLTURA, SVILUPPO RURALE, VALORIZZAZIONE DEI PRODOTTI DEL TERRITORIO E GESTIONE DELLE RISORSE FORESTALI E MONTANE",2,22,16,6,18,4
PTRA010008_0009,PTRA010008,"AGRICOLTURA, SVILUPPO RURALE, VALORIZZAZIONE DEI PRODOTTI DEL TERRITORIO E GESTIONE DELLE RISORSE FORESTALI E MONTANE",2,22,16,6,18,4
PTRA010008_0010,PTRA010008,"AGRICOLTURA, SVILUPPO RURALE, VALORIZZAZIONE DEI PRODOTTI DEL TERRITORIO E GESTIONE DELLE RISORSE FORESTALI E MONTANE",2,21,15,6,17,4
PTRA010008_0011,PTRA010008,"AGRICOLTURA, SVILUPPO RURALE, VALORIZZAZIONE DEI PRODOTTI DEL TERRITORIO E GESTIONE DELLE RISORSE FORESTALI E MONTANE",2,21,15,6,17,4
PTRA010008_0012,PTRA010008,"AGRICOLTURA, SVILUPPO RURALE, VALORIZZAZIONE DEI PRODOTTI DEL TERRITORIO E GESTIONE DELLE RISORSE FORESTALI E MONTANE",1,21,15,6,17,4
PTRA010008_0013,PTRA010008,"AGRICOLTURA, SVILUPPO RURALE, VALORIZZAZIONE DEI PRODOTTI DEL TERRITORIO E GESTIONE DELLE RISORSE FORESTALI E MONTANE",1,21,15,6,17,4
PTRA010008_0014,PTRA010008,"AGRICOLTURA, SVILUPPO RURALE, VALORIZZAZIONE DEI PRODOTTI DEL TERRITORIO E GESTIONE DELLE RISORSE FORESTALI E MONTANE",1,21,15,6,17,4
PTRA010008_0015,PTRA010008,MANUTENZIONE E ASSISTENZA TECNICA,1,20,15,5,17,3
PTRA010008_0016,PTRA010008,MANUTENZIONE E ASSISTENZA TECNICA,1,20,15,5,17,3
PTRA010008_0017,PTRA010008,MANUTENZIONE E ASSISTENZA TECNICA,1,19,14,5,16,3
PTRA010008_0018,PTRA010008,MANUTENZIONE E ASSISTENZA TECNICA,1,19,14,5,16,3
PTRA010008_0019,PTRA010008,MANUTENZIONE E ASSISTENZA TECNICA,1,19,14,5,16,3
PTRA010008_0020,PTRA010008,OPERATORE DEL BENESSERE,3,16,12,4,13,3
PTRA010008_0021,PTRA010008,OPERATORE DEL BENESSERE,3,16,12,4,13,3
PTRA010008_0022,PTRA010008,OPERATORE DEL BENESSERE,3,15,11,4,12,3
PTRA010008_0023,PTRA010008,INDUSTRIA E ARTIGIANATO PER IL MADE IN ITALY,1,20,15,5,17,3
PTRA010008_0024,PTRA010008,INDUSTRIA E ARTIGIANATO PER IL MADE IN ITALY,1,20,15,5,17,3
PTRA010008_0025,PTRA010008,INDUSTRIA E ARTIGIANATO PER IL MADE IN ITALY,2,18,13,5,15,3
PTRA010008_0026,PTRA010008,INDUSTRIA E ARTIGIANATO PER IL MADE IN ITALY,2,17,12,5,14,3
PTRA010008_0027,PTRA010008,INDUSTRIA E ARTIGIANATO PER IL MADE IN ITALY,3,16,12,4,13,3
PTRA010008_0028,PTRA010008,INDUSTRIA E ARTIGIANATO PER IL MADE IN ITALY,3,15,11,4,12,3
PTRA010008_0029,PTRA010008,MANUTENZIONE E ASSISTENZA TECNICA,2,21,15,6,17,4
PTRA010008_0030,PTRA010008,MANUTENZIONE E ASSISTENZA TECNICA,2,21,15,6,17,4
PTRA010008_0031,PTRA010008,MANUTENZIONE E ASSISTENZA TECNICA,2,20,15,5,17,3
PTRA010008_0032,PTRA010008,MANUTENZIONE E ASSISTENZA TECNICA,2,20,15,5,17,3
PTRA010008_0033,PTRA010008,INDUSTRIA E ARTIGIANATO PER IL MADE IN ITALY,5,15,11,4,12,3
PTRA010008_0034,PTRA010008,INDUSTRIA E ARTIGIANATO PER IL MADE IN ITALY,5,14,10,4,12,2
PTRA010008_0035,PTRA010008,MANUTENZIONE E ASSISTENZA TECNICA,5,18,13,5,15,3
PTRA010008_0036,PTRA010008,MANUTENZIONE E ASSISTENZA TECNICA,5,17,12,5,14,3
PTRA010008_0037,PTRA010008,INDUSTRIA E ARTIGIANATO PER IL MADE IN ITALY,4,15,11,4,12,3
PTRA010008_0038,PTRA010008,INDUSTRIA E ARTIGIANATO PER IL MADE IN ITALY,4,14,10,4,12,2
PTRA010008_0039,PTRA010008,"AGRICOLTURA, SVILUPPO RURALE, VALORIZZAZIONE DEI PRODOTTI DEL TERRITORIO E GESTIONE DELLE RISORSE FORESTALI E MONTANE",4,21,15,6,17,4
PTRA010008_0040,PTRA010008,"AGRICOLTURA, SVILUPPO RURALE, VALORIZZAZIONE DEI PRODOTTI DEL TERRITORIO E GESTIONE DELLE RISORSE FORESTALI E MONTANE",4,21,15,6,17,4
PTRA010008_0041,PTRA010008,"AGRICOLTURA, SVILUPPO RURALE, VALORIZZAZIONE DEI PRODOTTI DEL TERRITORIO E GESTIONE DELLE RISORSE FORESTALI E MONTANE",5,19,14,5,16,3
PTRA010008_0042,PTRA010008,"AGRICOLTURA, SVILUPPO RURALE, VALORIZZAZIONE DEI PRODOTTI DEL TERRITORIO E GESTIONE DELLE RISORSE FORESTALI E MONTANE",5,19,14,5,16,3
PTRA010008_0043,PTRA010008,"AGRICOLTURA, SVILUPPO RURALE, VALORIZZAZIONE DEI PRODOTTI DEL TERRITORIO E GESTIONE DELLE RISORSE FORESTALI E MONTANE",5,18,13,5,15,3
PTRA010008_0044,PTRA010008,TECNICO DEI TRATTAMENTI ESTETICI,4,15,11,4,12,3
PTRA010008_0045,PTRA010008,TECNICO DEI TRATTAMENTI ESTETICI,4,15,11,4,12,3
PTRA010008_0046,PTRA010008,OPERATORE DEL BENESSERE,2,18,13,5,15,3
PTRA010008_0047,PTRA010008,OPERATORE DEL BENESSERE,2,18,13,5,15,3
PTRA010008_0048,PTRA010008,OPERATORE DEL BENESSERE,2,17,12,5,14,3
PTRA010008_0049,PTRA010008,OPERATORE DEL BENESSERE,2,17,12,5,14,3
PTRA010008_0050,PTRA010008,"AGRICOLTURA, SVILUPPO RURALE, VALORIZZAZIONE DEI PRODOTTI DEL TERRITORIO E GESTIONE DELLE RISORSE FORESTALI E MONTANE",3,17,12,5,14,3
PTRA010008_0051,PTRA010008,"AGRICOLTURA, SVILUPPO RURALE, VALORIZZAZIONE DEI PRODOTTI DEL TERRITORIO E GESTIONE DELLE RISORSE FORESTALI E MONTANE",3,17,12,5,14,3
PTRA010008_0052,PTRA010008,"AGRICOLTURA, SVILUPPO RURALE, VALORIZZAZIONE DEI PRODOTTI DEL TERRITORIO E GESTIONE DELLE RISORSE FORESTALI E MONTANE",3,16,12,4,13,3
PTRA010008_0053,PTRA010008,MANUTENZIONE E ASSISTENZA TECNICA,4,21,15,6,17,4
PTRA010008_0054,PTRA010008,MANUTENZIONE E ASSISTENZA TECNICA,4,20,15,5,17,3
PTRA010008_0055,PTRA010008,TECNICO DELL'ACCONCIATURA,4,18,13,5,15,3
PVRC00801V_0001,PVRC00801V,SERVIZI COMMERCIALI,5,13,6,7,9,4
PVRC00801V_0002,PVRC00801V,SERVIZI COMMERCIALI,5,13,6,7,9,4
PVRC00801V_0003,PVRC00801V,GRAFICA E COMUNICAZIONE,2,13,6,7,9,4
PVRC00801V_0004,PVRC00801V,GRAFICA E COMUNICAZIONE,2,13,6,7,9,4
PVRC00801V_0005,PVRC00801V,GRAFICA E COMUNICAZIONE,1,14,6,8,10,4
PVRC00801V_0006,PVRC00801V,GRAFICA E COMUNICAZIONE,1,14,6,8,10,4
PVRC00801V_0007,PVRC00801V,OPERATORE GRAFICO,1,14,6,8,10,4
PVRC00801V_0008,PVRC00801V,OPERATORE GRAFICO,1,13,6,7,9,4
PVRC00801V_0009,PVRC00801V,SERVIZI COMMERCIALI,1,16,7,9,11,5
PVRC00801V_0010,PVRC00801V,SERVIZI COMMERCIALI,1,15,7,8,11,4
PVRC00801V_0011,PVRC00801V,OPERATORE GRAFICO,2,12,5,7,9,3
PVRC00801V_0012,PVRC00801V,OPERATORE GRAFICO,2,11,5,6,8,3
PVRC00801V_0013,PVRC00801V,OPERATORE AI SERVIZI DI PROMOZIONE E ACCOGLIENZA,3,21,10,11,15,6
PVRC00801V_0014,PVRC00801V,SERVIZI COMMERCIALI,4,19,9,10,13,6
PVRC00801V_0015,PVRC00801V,GRAFICA E COMUNICAZIONE,3,13,6,7,9,4
PVRC00801V_0016,PVRC00801V,GRAFICA E COMUNICAZIONE,3,12,5,7,9,3
PVRC00801V_0017,PVRC00801V,OPERATORE GRAFICO,3,20,9,11,14,6
PVRC00801V_0018,PVRC00801V,GRAFICA E COMUNICAZIONE,4,16,7,9,11,5
PVRC00801V_0019,PVRC00801V,GRAFICA E COMUNICAZIONE,4,16,7,9,11,5
PVRC00801V_0020,PVRC00801V,SERVIZI COMMERCIALI,2,13,6,7,9,4
PVRC00801V_0021,PVRC00801V,SERVIZI COMMERCIALI,2,12,5,7,9,3
PVRC00801V_0022,PVRC00801V,SERVIZI COMMERCIALI,3,22,10,12,16,6
PVRC00801V_0023,PVRC00801V,TECNICO GRAFICO,4,14,6,8,10,4
PVRC00801V_0024,PVRC00801V,GRAFICA E COMUNICAZIONE,5,13,6,7,9,4
PVRC00801V_0025,PVRC00801V,GRAFICA E COMUNICAZIONE,5,12,5,7,9,3
PZRI00702V_0001,PZRI00702V,ARTI AUSILIARIE DELLE PROFESSIONI SANITARIE: ODONTOTECNICO,5,7,3,4,7,0
PZRI00702V_0002,PZRI00702V,ARTI AUSILIARIE DELLE PROFESSIONI SANITARIE: ODONTOTECNICO,4,10,4,6,9,1
REPS016016_0001,REPS016016,SCIENTIFICO - OPZIONE SCIENZE APPLICATE,1,20,8,12,19,1
REPS016016_0002,REPS016016,SCIENTIFICO - OPZIONE SCIENZE APPLICATE,1,20,8,12,19,1
REPS016016_0003,REPS016016,SCIENTIFICO - OPZIONE SCIENZE APPLICATE,1,20,8,12,19,1
REPS016016_0004,REPS016016,SCIENTIFICO - OPZIONE SCIENZE APPLICATE,1,20,8,12,19,1
REPS016016_0005,REPS016016,ARTISTICO NUOVO ORDINAMENTO - BIENNIO COMUNE,2,18,7,11,17,1
REPS016016_0006,REPS016016,ARTISTICO NUOVO ORDINAMENTO - BIENNIO COMUNE,2,18,7,11,17,1
REPS016016_0007,REPS016016,ARTISTICO NUOVO ORDINAMENTO - BIENNIO COMUNE,2,18,7,11,17,1
REPS016016_0008,REPS016016,ARTISTICO NUOVO ORDINAMENTO - BIENNIO COMUNE,2,17,7,10,16,1
REPS016016_0009,REPS016016,SCIENTIFICO - OPZIONE SCIENZE APPLICATE,4,17,7,10,16,1
REPS016016_0010,REPS016016,SCIENTIFICO - OPZIONE SCIENZE APPLICATE,4,17,7,10,16,1
REPS016016_0011,REPS016016,SCIENTIFICO - OPZIONE SCIENZE APPLICATE,4,17,7,10,16,1
REPS016016_0012,REPS016016,SCIENTIFICO - OPZIONE SCIENZE APPLICATE,4,17,7,10,16,1
REPS016016_0013,REPS016016,GRAFICA,3,19,8,11,18,1
REPS016016_0014,REPS016016,GRAFICA,3,19,8,11,18,1
REPS016016_0015,REPS016016,GRAFICA,3,18,7,11,17,1
REPS016016_0016,REPS016016,SCIENTIFICO - OPZIONE SCIENZE APPLICATE,3,18,7,11,17,1
REPS016016_0017,REPS016016,SCIENTIFICO - OPZIONE SCIENZE APPLICATE,3,18,7,11,17,1
REPS016016_0018,REPS016016,SCIENTIFICO - OPZIONE SCIENZE APPLICATE,3,18,7,11,17,1
REPS016016_0019,REPS016016,SCIENTIFICO - OPZIONE SCIENZE APPLICATE,3,18,7,11,17,1
REPS016016_0020,REPS016016,SCIENTIFICO - OPZIONE SCIENZE APPLICATE,3,18,7,11,17,1
REPS016016_0021,REPS016016,SCIENTIFICO - OPZIONE SCIENZE APPLICATE,5,20,8,12,19,1
REPS016016_0022,REPS016016,SCIENTIFICO - OPZIONE SCIENZE APPLICATE,5,19,8,11,18,1
REPS016016_0023,REPS016016,GRAFICA,5,22,9,13,21,1
REPS016016_0024,REPS016016,GRAFICA,5,22,9,13,21,1
REPS016016_0025,REPS016016,GRAFICA,4,22,9,13,21,1
REPS016016_0026,REPS016016,GRAFICA,4,22,9,13,21,1
REPS016016_0027,REPS016016,SCIENTIFICO - OPZIONE SCIENZE APPLICATE,2,17,7,10,16,1
REPS016016_0028,REPS016016,SCIENTIFICO - OPZIONE SCIENZE APPLICATE,2,17,7,10,16,1
REPS016016_0029,REPS016016,SCIENTIFICO - OPZIONE SCIENZE APPLICATE,2,17,7,10,16,1
REPS016016_0030,REPS016016,SCIENTIFICO - OPZIONE SCIENZE APPLICATE,2,16,7,9,15,1
REPS016016_0031,REPS016016,ARTISTICO NUOVO ORDINAMENTO - BIENNIO COMUNE,1,21,9,12,20,1
REPS016016_0032,REPS016016,ARTISTICO NUOVO ORDINAMENTO - BIENNIO COMUNE,1,21,9,12,20,1
REPS016016_0033,REPS016016,ARTISTICO NUOVO ORDINAMENTO - BIENNIO COMUNE,1,20,8,12,19,1
REPS016016_0034,REPS016016,ARTISTICO NUOVO ORDINAMENTO - BIENNIO COMUNE,1,20,8,12,19,1
RGRI00250C_0001,RGRI00250C,MANUTENZIONE E ASSISTENZA TECNICA,4,18,15,3,13,5
RGRI00250C_0002,RGRI00250C,MANUTENZIONE E ASSISTENZA TECNICA,2,12,10,2,9,3
RGRI00250C_0003,RGRI00250C,MANUTENZIONE E ASSISTENZA TECNICA,2,12,10,2,9,3
RGRI00250C_0004,RGRI00250C,MANUTENZIONE E ASSISTENZA TECNICA,3,10,8,2,7,3
RGRI00250C_0005,RGRI00250C,MANUTENZIONE E ASSISTENZA TECNICA,1,4,3,1,3,1
RMPC030006_0001,RMPC030006,CLASSICO,5,21,6,15,20,1
RMPC030006_0002,RMPC030006,CLASSICO,5,21,6,15,20,1
RMPC030006_0003,RMPC030006,CLASSICO,5,21,6,15,20,1
RMPC030006_0004,RMPC030006,CLASSICO,5,20,5,15,19,1
RMPC030006_0005,RMPC030006,CLASSICO,5,20,5,15,19,1
RMPC030006_0006,RMPC030006,CLASSICO,5,20,5,15,19,1
RMPC030006_0007,RMPC030006,SCIENZE UMANE,1,21,6,15,20,1
RMPC030006_0008,RMPC030006,SCIENZE UMANE,1,21,6,15,20,1
RMPC030006_0009,RMPC030006,SCIENZE UMANE,1,21,6,15,20,1
RMPC030006_0010,RMPC030006,SCIENZE UMANE,1,20,5,15,19,1
RMPC030006_0011,RMPC030006,SCIENZE UMANE,1,20,5,15,19,1
RMPC030006_0012,RMPC030006,SCIENZE UMANE,1,20,5,15,19,1
RMPC030006_0013,RMPC030006,SCIENZE UMANE,1,20,5,15,19,1
RMPC030006_0014,RMPC030006,SCIENZE UMANE,1,20,5,15,19,1
RMPC030006_0015,RMPC030006,CLASSICO,4,19,5,14,18,1
RMPC030006_0016,RMPC030006,CLASSICO,4,19,5,14,18,1
RMPC030006_0017,RMPC030006,CLASSICO,4,19,5,14,18,1
RMPC030006_0018,RMPC030006,CLASSICO,4,19,5,14,18,1
RMPC030006_0019,RMPC030006,CLASSICO,4,19,5,14,18,1
RMPC030006_0020,RMPC030006,CLASSICO,4,19,5,14,18,1
RMPC030006_0021,RMPC030006,CLASSICO,4,19,5,14,18,1
RMPC030006_0022,RMPC030006,CLASSICO,2,22,6,16,21,1
RMPC030006_0023,RMPC030006,CLASSICO,2,22,6,16,21,1
RMPC030006_0024,RMPC030006,CLASSICO,2,22,6,16,21,1
RMPC030006_0025,RMPC030006,CLASSICO,2,22,6,16,21,1
RMPC030006_0026,RMPC030006,CLASSICO,2,22,6,16,21,1
RMPC030006_0027,RMPC030006,CLASSICO,3,19,5,14,18,1
RMPC030006_0028,RMPC030006,CLASSICO,3,19,5,14,18,1
RMPC030006_0029,RMPC030006,CLASSICO,3,19,5,14,18,1
RMPC030006_0030,RMPC030006,CLASSICO,3,19,5,14,18,1
RMPC030006_0031,RMPC030006,CLASSICO,3,19,5,14,18,1
RMPC030006_0032,RMPC030006,CLASSICO,3,18,5,13,17,1
RMPC030006_0033,RMPC030006,SCIENZE UMANE,5,21,6,15,20,1
RMPC030006_0034,RMPC030006,SCIENZE UMANE,5,21,6,15,20,1
RMPC030006_0035,RMPC030006,SCIENZE UMANE,5,21,6,15,20,1
RMPC030006_0036,RMPC030006,SCIENZE UMANE,5,21,6,15,20,1
RMPC030006_0037,RMPC030006,SCIENZE UMANE,5,21,6,15,20,1
RMPC030006_0038,RMPC030006,SCIENZE UMANE,5,21,6,15,20,1
RMPC030006_0039,RMPC030006,SCIENZE UMANE,5,20,5,15,19,1
RMPC030006_0040,RMPC030006,CLASSICO,1,20,5,15,19,1
RMPC030006_0041,RMPC030006,CLASSICO,1,20,5,15,19,1
RMPC030006_0042,RMPC030006,CLASSICO,1,20,5,15,19,1
RMPC030006_0043,RMPC030006,CLASSICO,1,20,5,15,19,1
RMPC030006_0044,RMPC030006,CLASSICO,1,20,5,15,19,1
RMPC030006_0045,RMPC030006,CLASSICO,1,19,5,14,18,1
RMPC030006_0046,RMPC030006,SCIENZE UMANE,2,20,5,15,19,1
RMPC030006_0047,RMPC030006,SCIENZE UMANE,2,20,5,15,19,1
RMPC030006_0048,RMPC030006,SCIENZE UMANE,2,20,5,15,19,1
RMPC030006_0049,RMPC030006,SCIENZE UMANE,2,20,5,15,19,1
RMPC030006_0050,RMPC030006,SCIENZE UMANE,2,20,5,15,19,1
RMPC030006_0051,RMPC030006,SCIENZE UMANE,2,20,5,15,19,1
RMPC030006_0052,RMPC030006,SCIENZE UMANE,2,19,5,14,18,1
RMPC030006_0053,RMPC030006,SCIENZE UMANE,2,19,5,14,18,1
RMPC030006_0054,RMPC030006,SCIENZE UMANE,4,20,5,15,19,1
RMPC030006_0055,RMPC030006,SCIENZE UMANE,4,20,5,15,19,1
RMPC030006_0056,RMPC030006,SCIENZE UMANE,4,20,5,15,19,1
RMPC030006_0057,RMPC030006,SCIENZE UMANE,4,20,5,15,19,1
RMPC030006_0058,RMPC030006,SCIENZE UMANE,4,20,5,15,19,1
RMPC030006_0059,RMPC030006,SCIENZE UMANE,4,20,5,15,19,1
RMPC030006_0060,RMPC030006,SCIENZE UMANE,4,20,5,15,19,1
RMPC030006_0061,RMPC030006,SCIENZE UMANE,4,19,5,14,18,1
RMPC030006_0062,RMPC030006,SCIENZE UMANE,4,19,5,14,18,1
RMPC030006_0063,RMPC030006,SCIENZE UMANE,3,20,5,15,19,1
RMPC030006_0064,RMPC030006,SCIENZE UMANE,3,20,5,15,19,1
RMPC030006_0065,RMPC030006,SCIENZE UMANE,3,20,5,15,19,1
RMPC030006_0066,RMPC030006,SCIENZE UMANE,3,20,5,15,19,1
RMPC030006_0067,RMPC030006,SCIENZE UMANE,3,20,5,15,19,1
RMPC030006_0068,RMPC030006,SCIENZE UMANE,3,20,5,15,19,1
RMPC030006_0069,RMPC030006,SCIENZE UMANE,3,20,5,15,19,1
RMTF090003_0001,RMTF090003,INFORMATICA,5,22,20,2,17,5
RMTF090003_0002,RMTF090003,INFORMATICA,5,22,20,2,17,5
RMTF090003_0003,RMTF090003,INFORMATICA,5,22,20,2,17,5
RMTF090003_0004,RMTF090003,INFORMATICA,4,19,17,2,15,4
RMTF090003_0005,RMTF090003,INFORMATICA,4,18,16,2,14,4
RMTF090003_0006,RMTF090003,INFORMATICA,4,18,16,2,14,4
RMTF090003_0007,RMTF090003,COSTRUZIONI AERONAUTICHE - OPZIONE,3,22,20,2,17,5
RMTF090003_0008,RMTF090003,SCIENTIFICO - OPZIONE SCIENZE APPLICATE,5,18,16,2,14,4
RMTF090003_0009,RMTF090003,SCIENTIFICO - OPZIONE SCIENZE APPLICATE,5,18,16,2,14,4
RMTF090003_0010,RMTF090003,INFOR. TELECOM. - BIENNIO COMUNE,1,22,20,2,17,5
RMTF090003_0011,RMTF090003,INFOR. TELECOM. - BIENNIO COMUNE,1,22,20,2,17,5
RMTF090003_0012,RMTF090003,INFOR. TELECOM. - BIENNIO COMUNE,1,22,20,2,17,5
RMTF090003_0013,RMTF090003,INFOR. TELECOM. - BIENNIO COMUNE,1,22,20,2,17,5
RMTF090003_0014,RMTF090003,INFOR. TELECOM. - BIENNIO COMUNE,1,22,20,2,17,5
RMTF090003_0015,RMTF090003,INFOR. TELECOM. - BIENNIO COMUNE,1,21,19,2,17,4
RMTF090003_0016,RMTF090003,INFOR. TELECOM. - BIENNIO COMUNE,1,21,19,2,17,4
RMTF090003_0017,RMTF090003,INFORMATICA E TELECOMUNICAZIONI ART. INFORMATICA QUADRIENNALE,2,12,11,1,10,2
RMTF090003_0018,RMTF090003,INFORMATICA E TELECOMUNICAZIONI ART. INFORMATICA QUADRIENNALE,2,12,11,1,10,2
RMTF090003_0019,RMTF090003,MECCANICA E MECCATRONICA,3,17,15,2,13,4
RMTF090003_0020,RMTF090003,MECCANICA E MECCATRONICA,3,17,15,2,13,4
RMTF090003_0021,RMTF090003,MECCANICA E MECCATRONICA,3,17,15,2,13,4
RMTF090003_0022,RMTF090003,ELETTROTECNICA,5,14,13,1,11,3
RMTF090003_0023,RMTF090003,MECCANICA E MECCATRONICA,5,16,14,2,13,3
RMTF090003_0024,RMTF090003,GRAFICA E COMUNICAZIONE,3,15,14,1,12,3
RMTF090003_0025,RMTF090003,GRAFICA E COMUNICAZIONE,3,15,14,1,12,3
RMTF090003_0026,RMTF090003,GRAFICA E COMUNICAZIONE,3,15,14,1,12,3
RMTF090003_0027,RMTF090003,MECC. MECCATRON. ENER. - BIENNIO COMUNE,2,20,18,2,16,4
RMTF090003_0028,RMTF090003,MECC. MECCATRON. ENER. - BIENNIO COMUNE,2,19,17,2,15,4
RMTF090003_0029,RMTF090003,MECC. MECCATRON. ENER. - BIENNIO COMUNE,2,19,17,2,15,4
RMTF090003_0030,RMTF090003,SCIENTIFICO - OPZIONE SCIENZE APPLICATE,1,20,18,2,16,4
RMTF090003_0031,RMTF090003,SCIENTIFICO - OPZIONE SCIENZE APPLICATE,1,19,17,2,15,4
RMTF090003_0032,RMTF090003,SCIENTIFICO - OPZIONE SCIENZE APPLICATE,1,19,17,2,15,4
RMTF090003_0033,RMTF090003,SCIENTIFICO - OPZIONE SCIENZE APPLICATE,1,19,17,2,15,4
RMTF090003_0034,RMTF090003,SCIENTIFICO - OPZIONE SCIENZE APPLICATE,1,19,17,2,15,4
RMTF090003_0035,RMTF090003,SCIENTIFICO - OPZIONE SCIENZE APPLICATE,4,20,18,2,16,4
RMTF090003_0036,RMTF090003,SCIENTIFICO - OPZIONE SCIENZE APPLICATE,4,20,18,2,16,4
RMTF090003_0037,RMTF090003,INFORMATICA,3,21,19,2,17,4
RMTF090003_0038,RMTF090003,INFORMATICA,3,21,19,2,17,4
RMTF090003_0039,RMTF090003,INFORMATICA,3,21,19,2,17,4
RMTF090003_0040,RMTF090003,INFORMATICA,3,20,18,2,16,4
RMTF090003_0041,RMTF090003,INFORMATICA,3,20,18,2,16,4
RMTF090003_0042,RMTF090003,INFORMATICA,3,20,18,2,16,4
RMTF090003_0043,RMTF090003,MECCANICA E MECCATRONICA,4,12,11,1,10,2
RMTF090003_0044,RMTF090003,MECCANICA E MECCATRONICA,4,12,11,1,10,2
RMTF090003_0045,RMTF090003,AUTOMAZIONE,3,16,14,2,13,3
RMTF090003_0046,RMTF090003,SCIENTIFICO - OPZIONE SCIENZE APPLICATE,2,19,17,2,15,4
RMTF090003_0047,RMTF090003,SCIENTIFICO - OPZIONE SCIENZE APPLICATE,2,19,17,2,15,4
RMTF090003_0048,RMTF090003,SCIENTIFICO - OPZIONE SCIENZE APPLICATE,2,18,16,2,14,4
RMTF090003_0049,RMTF090003,SCIENTIFICO - OPZIONE SCIENZE APPLICATE,2,18,16,2,14,4
RMTF090003_0050,RMTF090003,GRAFICA E COMUNICAZIONE,1,22,20,2,17,5
RMTF090003_0051,RMTF090003,GRAFICA E COMUNICAZIONE,5,18,16,2,14,4
RMTF090003_0052,RMTF090003,AUTOMAZIONE,4,21,19,2,17,4
RMTF090003_0053,RMTF090003,TRASPORTI E LOGISTICA - BIENNIO COMUNE,1,12,11,1,10,2
RMTF090003_0054,RMTF090003,TRASPORTI E LOGISTICA - BIENNIO COMUNE,1,12,11,1,10,2
RMTF090003_0055,RMTF090003,COSTRUZIONI AERONAUTICHE - OPZIONE,4,13,12,1,10,3
RMTF090003_0056,RMTF090003,COSTRUZIONI AERONAUTICHE - OPZIONE,4,12,11,1,10,2
RMTF090003_0057,RMTF090003,SCIENTIFICO - OPZIONE SCIENZE APPLICATE,3,20,18,2,16,4
RMTF090003_0058,RMTF090003,SCIENTIFICO - OPZIONE SCIENZE APPLICATE,3,20,18,2,16,4
RMTF090003_0059,RMTF090003,SCIENTIFICO - OPZIONE SCIENZE APPLICATE,3,19,17,2,15,4
RMTF090003_0060,RMTF090003,INFOR. TELECOM. - BIENNIO COMUNE,2,22,20,2,17,5
RMTF090003_0061,RMTF090003,INFOR. TELECOM. - BIENNIO COMUNE,2,22,20,2,17,5
RMTF090003_0062,RMTF090003,INFOR. TELECOM. - BIENNIO COMUNE,2,22,20,2,17,5
RMTF090003_0063,RMTF090003,INFOR. TELECOM. - BIENNIO COMUNE,2,21,19,2,17,4
RMTF090003_0064,RMTF090003,GRAFICA E COMUNICAZIONE,4,15,14,1,12,3
RMTF090003_0065,RMTF090003,GRAFICA E COMUNICAZIONE,4,15,14,1,12,3
RMTF090003_0066,RMTF090003,GRAFICA E COMUNICAZIONE,2,21,19,2,17,4
RMTF090003_0067,RMTF090003,GRAFICA E COMUNICAZIONE,2,21,19,2,17,4
RMTF090003_0068,RMTF090003,COSTRUZIONI AERONAUTICHE - OPZIONE,5,17,15,2,13,4
RMTF090003_0069,RMTF090003,TRASPORTI E LOGISTICA - BIENNIO COMUNE,2,20,18,2,16,4
RMTF090003_0070,RMTF090003,ELETTROTECNICA,4,15,14,1,12,3
RMTF090003_0071,RMTF090003,AUTOMAZIONE,5,12,11,1,10,2
RMTF090003_0072,RMTF090003,ELETTR. ED ELETTROTEC.- BIENNIO COMUNE,2,16,14,2,13,3
RMTF090003_0073,RMTF090003,ELETTR. ED ELETTROTEC.- BIENNIO COMUNE,1,20,18,2,16,4
RMTF090003_0074,RMTF090003,ELETTROTECNICA,3,7,6,1,6,1
RMTF090003_0075,RMTF090003,ENERGIA,5,17,15,2,13,4
RMTF090003_0076,RMTF090003,MECC. MECCATRON. ENER. - BIENNIO COMUNE,1,16,14,2,13,3
RMTF090003_0077,RMTF090003,MECC. MECCATRON. ENER. - BIENNIO COMUNE,1,16,14,2,13,3
RMTF090003_0078,RMTF090003,MECC. MECCATRON. ENER. - BIENNIO COMUNE,1,15,14,1,12,3
RNRH03050A_0001,RNRH03050A,ENOGASTRONOMIA - TRIENNIO,3,18,7,11,8,10
RNRH03050A_0002,RNRH03050A,ENOGAS. OSPIT. ALBERG. - BIENNIO COMUNE,1,13,5,8,6,7
RNRH03050A_0003,RNRH03050A,ENOGAS. OSPIT. ALBERG. - BIENNIO COMUNE,1,12,4,8,5,7
RNRH03050A_0004,RNRH03050A,ENOGASTRONOMIA - TRIENNIO,5,7,3,4,3,4
RNRH03050A_0005,RNRH03050A,ACCOGLIENZA TURISTICA - TRIENNIO,5,11,4,7,5,6
RNRH03050A_0006,RNRH03050A,ACCOGLIENZA TURISTICA - TRIENNIO,3,12,4,8,5,7
SATF04601D_0001,SATF04601D,ELETTR. ED ELETTROTEC.- BIENNIO COMUNE,2,20,19,1,19,1
SATF04601D_0002,SATF04601D,INFOR. TELECOM. - BIENNIO COMUNE,2,17,16,1,16,1
SATF04601D_0003,SATF04601D,INFOR. TELECOM. - BIENNIO COMUNE,2,17,16,1,16,1
SATF04601D_0004,SATF04601D,INFOR. TELECOM. - BIENNIO COMUNE,2,17,16,1,16,1
SATF04601D_0005,SATF04601D,INFOR. TELECOM. - BIENNIO COMUNE,2,16,15,1,15,1
SATF04601D_0006,SATF04601D,ELETTRONICA,5,12,12,0,11,1
SATF04601D_0007,SATF04601D,ELETTRONICA,5,12,12,0,11,1
SATF04601D_0008,SATF04601D,ELETTR. ED ELETTROTEC.- BIENNIO COMUNE,1,16,15,1,15,1
SATF04601D_0009,SATF04601D,MECCANICA E MECCATRONICA,4,16,15,1,15,1
SATF04601D_0010,SATF04601D,MECCANICA E MECCATRONICA,4,16,15,1,15,1
SATF04601D_0011,SATF04601D,MECCANICA E MECCATRONICA,4,16,15,1,15,1
SATF04601D_0012,SATF04601D,MECCANICA E MECCATRONICA,5,20,19,1,19,1
SATF04601D_0013,SATF04601D,MECCANICA E MECCATRONICA,5,20,19,1,19,1
SATF04601D_0014,SATF04601D,MECCANICA E MECCATRONICA,5,19,18,1,18,1
SATF04601D_0015,SATF04601D,INFORMATICA,4,21,20,1,20,1
SATF04601D_0016,SATF04601D,INFORMATICA,4,20,19,1,19,1
SATF04601D_0017,SATF04601D,INFORMATICA,4,20,19,1,19,1
SATF04601D_0018,SATF04601D,INFOR. TELECOM. - BIENNIO COMUNE,1,21,20,1,20,1
SATF04601D_0019,SATF04601D,INFOR. TELECOM. - BIENNIO COMUNE,1,21,20,1,20,1
SATF04601D_0020,SATF04601D,INFOR. TELECOM. - BIENNIO COMUNE,1,20,19,1,19,1
SATF04601D_0021,SATF04601D,MECC. MECCATRON. ENER. - BIENNIO COMUNE,2,21,20,1,20,1
SATF04601D_0022,SATF04601D,MECC. MECCATRON. ENER. - BIENNIO COMUNE,2,21,20,1,20,1
SATF04601D_0023,SATF04601D,MECC. MECCATRON. ENER. - BIENNIO COMUNE,2,21,20,1,20,1
SATF04601D_0024,SATF04601D,ELETTRONICA,3,19,18,1,18,1
SATF04601D_0025,SATF04601D,MECCANICA E MECCATRONICA,3,20,19,1,19,1
SATF04601D_0026,SATF04601D,MECCANICA E MECCATRONICA,3,20,19,1,19,1
SATF04601D_0027,SATF04601D,ELETTRONICA,4,20,19,1,19,1
SATF04601D_0028,SATF04601D,INFORMATICA,3,18,17,1,17,1
SATF04601D_0029,SATF04601D,INFORMATICA,3,17,16,1,16,1
SATF04601D_0030,SATF04601D,INFORMATICA,3,17,16,1,16,1
SATF04601D_0031,SATF04601D,INFORMATICA,3,17,16,1,16,1
SATF04601D_0032,SATF04601D,MECC. MECCATRON. ENER. - BIENNIO COMUNE,1,20,19,1,19,1
SATF04601D_0033,SATF04601D,MECC. MECCATRON. ENER. - BIENNIO COMUNE,1,20,19,1,19,1
SATF04601D_0034,SATF04601D,MECC. MECCATRON. ENER. - BIENNIO COMUNE,1,20,19,1,19,1
SATF04601D_0035,SATF04601D,INFORMATICA,5,18,17,1,17,1
SATF04601D_0036,SATF04601D,INFORMATICA,5,18,17,1,17,1
SATF04601D_0037,SATF04601D,INFORMATICA,5,18,17,1,17,1
SPPC011016_0001,SPPC011016,CLASSICO,5,15,7,8,15,0
SPPC011016_0002,SPPC011016,CLASSICO,5,15,7,8,15,0
SPPC011016_0003,SPPC011016,CLASSICO,1,15,7,8,15,0
SPPC011016_0004,SPPC011016,CLASSICO,1,14,7,7,14,0
SPPC011016_0005,SPPC011016,SCIENTIFICO,1,19,9,10,18,1
SPPC011016_0006,SPPC011016,SCIENTIFICO,1,19,9,10,18,1
SPPC011016_0007,SPPC011016,SCIENTIFICO,1,19,9,10,18,1
SPPC011016_0008,SPPC011016,SCIENTIFICO,1,19,9,10,18,1
SPPC011016_0009,SPPC011016,SCIENTIFICO,1,19,9,10,18,1
SPPC011016_0010,SPPC011016,SCIENTIFICO,1,18,9,9,17,1
SPPC011016_0011,SPPC011016,CLASSICO,3,13,6,7,13,0
SPPC011016_0012,SPPC011016,CLASSICO,3,13,6,7,13,0
SPPC011016_0013,SPPC011016,SCIENTIFICO,4,22,11,11,21,1
SPPC011016_0014,SPPC011016,SCIENTIFICO,4,22,11,11,21,1
SPPC011016_0015,SPPC011016,SCIENTIFICO,4,22,11,11,21,1
SPPC011016_0016,SPPC011016,SCIENTIFICO,4,22,11,11,21,1
SPPC011016_0017,SPPC011016,SCIENTIFICO,4,22,11,11,21,1
SPPC011016_0018,SPPC011016,SCIENTIFICO,5,21,10,11,20,1
SPPC011016_0019,SPPC011016,SCIENTIFICO,5,21,10,11,20,1
SPPC011016_0020,SPPC011016,SCIENTIFICO,5,21,10,11,20,1
SPPC011016_0021,SPPC011016,SCIENTIFICO,5,21,10,11,20,1
SPPC011016_0022,SPPC011016,SCIENTIFICO,5,20,10,10,19,1
SPPC011016_0023,SPPC011016,SCIENTIFICO,5,20,10,10,19,1
SPPC011016_0024,SPPC011016,CLASSICO,2,22,11,11,21,1
SPPC011016_0025,SPPC011016,SCIENTIFICO,2,19,9,10,18,1
SPPC011016_0026,SPPC011016,SCIENTIFICO,2,19,9,10,18,1
SPPC011016_0027,SPPC011016,SCIENTIFICO,2,19,9,10,18,1
SPPC011016_0028,SPPC011016,SCIENTIFICO,2,18,9,9,17,1
SPPC011016_0029,SPPC011016,SCIENTIFICO,2,18,9,9,17,1
SPPC011016_0030,SPPC011016,SCIENTIFICO,3,18,9,9,17,1
SPPC011016_0031,SPPC011016,SCIENTIFICO,3,18,9,9,17,1
SPPC011016_0032,SPPC011016,SCIENTIFICO,3,18,9,9,17,1
SPPC011016_0033,SPPC011016,SCIENTIFICO,3,18,9,9,17,1
SPPC011016_0034,SPPC011016,SCIENTIFICO,3,18,9,9,17,1
SPPC011016_0035,SPPC011016,CLASSICO,4,13,6,7,13,0
SPPC011016_0036,SPPC011016,CLASSICO,4,12,6,6,12,0
SSRH07050X_0001,SSRH07050X,ENOGASTRONOMIA - TRIENNIO,4,20,8,12,17,3
SSRH07050X_0002,SSRH07050X,ENOGASTRONOMIA - TRIENNIO,4,19,7,12,17,2
SSRH07050X_0003,SSRH07050X,ACCOGLIENZA TURISTICA - TRIENNIO,5,10,4,6,9,1
SSRH07050X_0004,SSRH07050X,ACCOGLIENZA TURISTICA - TRIENNIO,4,9,3,6,8,1
SSRH07050X_0005,SSRH07050X,ENOGASTRONOMIA - TRIENNIO,5,12,5,7,10,2
SSRI02201N_0001,SSRI02201N,MECCANICA E MECCATRONICA,4,17,17,0,17,0
SSRI02201N_0002,SSRI02201N,MECC. MECCATRON. ENER. - BIENNIO COMUNE,2,19,18,1,18,1
SSRI02201N_0003,SSRI02201N,MECC. MECCATRON. ENER. - BIENNIO COMUNE,1,13,13,0,13,0
SSRI02201N_0004,SSRI02201N,MECCANICA E MECCATRONICA,3,21,20,1,20,1
SSSL030029_0001,SSSL030029,ARTI FIGURATIVE - PLASTICO PITTORICO,5,9,9,0,9,0
SSSL030029_0002,SSSL030029,ARTI FIGURATIVE - PLASTICO PITTORICO,4,21,21,0,21,0
SSSL030029_0003,SSSL030029,ARTI FIGURATIVE - PLASTICO PITTORICO,1,16,16,0,16,0
SSSL030029_0004,SSSL030029,ARTI FIGURATIVE - PLASTICO PITTORICO,3,4,4,0,4,0
SSSL030029_0005,SSSL030029,ARTI FIGURATIVE - PLASTICO PITTORICO,2,16,16,0,16,0
TERI011015_0001,TERI011015,MANUTENZIONE E ASSISTENZA TECNICA,1,12,3,9,10,2
TERI011015_0002,TERI011015,MANUTENZIONE E ASSISTENZA TECNICA,1,11,3,8,10,1
TERI011015_0003,TERI011015,MANUTENZIONE E ASSISTENZA TECNICA,2,20,5,15,17,3
TERI011015_0004,TERI011015,OPERATORE DEL BENESSERE,2,17,4,13,15,2
TERI011015_0005,TERI011015,OPERATORE DEL BENESSERE,2,17,4,13,15,2
TERI011015_0006,TERI011015,OPERATORE DEL BENESSERE,2,17,4,13,15,2
TERI011015_0007,TERI011015,TECNICO DEI TRATTAMENTI ESTETICI,4,20,5,15,17,3
TERI011015_0008,TERI011015,TECNICO DEI TRATTAMENTI ESTETICI,4,20,5,15,17,3
TERI011015_0009,TERI011015,MANUTENZIONE E ASSISTENZA TECNICA,3,21,6,15,18,3
TERI011015_0010,TERI011015,SERVIZI PER LA SANITA' E L'ASSISTENZA SOCIALE,4,14,4,10,12,2
TERI011015_0011,TERI011015,SERVIZI PER LA SANITA' E L'ASSISTENZA SOCIALE,5,22,6,16,19,3
TERI011015_0012,TERI011015,SERVIZI PER LA SANITA' E L'ASSISTENZA SOCIALE,5,22,6,16,19,3
TERI011015_0013,TERI011015,OPERATORE DEL BENESSERE,1,15,4,11,13,2
TERI011015_0014,TERI011015,OPERATORE DEL BENESSERE,1,15,4,11,13,2
TERI011015_0015,TERI011015,OPERATORE DEL BENESSERE,1,15,4,11,13,2
TERI011015_0016,TERI011015,MANUTENZIONE E ASSISTENZA TECNICA,5,18,5,13,16,2
TERI011015_0017,TERI011015,OPERATORE DEL BENESSERE,3,19,5,14,17,2
TERI011015_0018,TERI011015,OPERATORE DEL BENESSERE,3,18,5,13,16,2
TORI04752V_0001,TORI04752V,APPARATI IMP.TI SER.ZI TEC.CI IND.LI E CIV.LI - OPZIONE,4,20,20,0,15,5
TORI04752V_0002,TORI04752V,APPARATI IMP.TI SER.ZI TEC.CI IND.LI E CIV.LI - OPZIONE,5,19,19,0,15,4
TORI04752V_0003,TORI04752V,APPARATI IMP.TI SER.ZI TEC.CI IND.LI E CIV.LI - OPZIONE,5,18,18,0,14,4
TOTL03401B_0001,TOTL03401B,COSTRUZIONI AMBIENTE E TERRITORIO - TRIENNIO,3,21,17,4,19,2
TOTL03401B_0002,TOTL03401B,"COSTR., AMB. E TERRITORIO - BIENNIO COM.",1,17,14,3,15,2
TOTL03401B_0003,TOTL03401B,"COSTR., AMB. E TERRITORIO - BIENNIO COM.",1,16,13,3,14,2
TOTL03401B_0004,TOTL03401B,"COSTR., AMB. E TERRITORIO - BIENNIO COM.",1,16,13,3,14,2
TOTL03401B_0005,TOTL03401B,"COSTR., AMB. E TERRITORIO - BIENNIO COM.",2,20,16,4,18,2
TOTL03401B_0006,TOTL03401B,"COSTR., AMB. E TERRITORIO - BIENNIO COM.",2,20,16,4,18,2
TOTL03401B_0007,TOTL03401B,COSTRUZIONI AMBIENTE E TERRITORIO - TRIENNIO,5,15,12,3,13,2
TOTL03401B_0008,TOTL03401B,COSTRUZIONI AMBIENTE E TERRITORIO - TRIENNIO,5,14,11,3,12,2
TOTL03401B_0009,TOTL03401B,COSTRUZIONI AMBIENTE E TERRITORIO - TRIENNIO,4,14,11,3,12,2
TOTL03401B_0010,TOTL03401B,COSTRUZIONI AMBIENTE E TERRITORIO - TRIENNIO,4,14,11,3,12,2
TPTL02151L_0001,TPTL02151L,"COSTR., AMB. E TERRITORIO - BIENNIO COM.",1,21,14,7,17,4
TPTL02151L_0002,TPTL02151L,"COSTR., AMB. E TERRITORIO - BIENNIO COM.",1,20,13,7,16,4
TPTL02151L_0003,TPTL02151L,COSTRUZIONI AMBIENTE E TERRITORIO - TRIENNIO,3,14,9,5,11,3
TPTL02151L_0004,TPTL02151L,COSTRUZIONI AMBIENTE E TERRITORIO - TRIENNIO,5,12,8,4,10,2
UDRC013019_0001,UDRC013019,SERVIZI PER LA SANITA' E L'ASSISTENZA SOCIALE,5,22,5,17,17,5
UDRC013019_0002,UDRC013019,SERVIZI PER LA SANITA' E L'ASSISTENZA SOCIALE,3,12,3,9,9,3
UDRC013019_0003,UDRC013019,SERVIZI PER LA SANITA' E L'ASSISTENZA SOCIALE,3,11,3,8,9,2
UDRC013019_0004,UDRC013019,SERVIZI COMMERCIALI,2,11,3,8,9,2
UDRC013019_0005,UDRC013019,SERVIZI PER LA SANITA' E L'ASSISTENZA SOCIALE,4,12,3,9,9,3
UDRC013019_0006,UDRC013019,SERVIZI PER LA SANITA' E L'ASSISTENZA SOCIALE,4,12,3,9,9,3
UDRC013019_0007,UDRC013019,SERVIZI PER LA SANITA' E L'ASSISTENZA SOCIALE,1,17,4,13,13,4
UDRC013019_0008,UDRC013019,SERVIZI COMMERCIALI,5,11,3,8,9,2
UDRC013019_0009,UDRC013019,SERVIZI PER LA SANITA' E L'ASSISTENZA SOCIALE,2,18,4,14,14,4
UDRC013019_0010,UDRC013019,SERVIZI COMMERCIALI,1,5,1,4,4,1
UDRI01401T_0001,UDRI01401T,INDUSTRIA E ARTIGIANATO PER IL MADE IN ITALY,4,6,5,1,6,0
UDRI01401T_0002,UDRI01401T,OPERATORE DEL LEGNO,3,10,8,2,10,0
UDRI01401T_0003,UDRI01401T,"AGRICOLTURA, SVILUPPO RURALE, VALORIZZAZIONE DEI PRODOTTI DEL TERRITORIO E GESTIONE DELLE RISORSE FORESTALI E MONTANE",5,14,11,3,14,0
UDRI01401T_0004,UDRI01401T,"AGRICOLTURA, SVILUPPO RURALE, VALORIZZAZIONE DEI PRODOTTI DEL TERRITORIO E GESTIONE DELLE RISORSE FORESTALI E MONTANE",4,13,10,3,13,0
UDRI01401T_0005,UDRI01401T,MANUTENZIONE E ASSISTENZA TECNICA,4,11,9,2,11,0
UDRI01401T_0006,UDRI01401T,MANUTENZIONE E ASSISTENZA TECNICA,5,13,10,3,13,0
UDRI01401T_0007,UDRI01401T,INDUSTRIA E ARTIGIANATO PER IL MADE IN ITALY,5,10,8,2,10,0
UDRI01401T_0008,UDRI01401T,OPERATORE MECCANICO,2,16,13,3,15,1
UDRI01401T_0009,UDRI01401T,OPERATORE MECCANICO,3,15,12,3,15,0
UDRI01401T_0010,UDRI01401T,OPERATORE AGRICOLO,1,14,11,3,14,0
UDRI01401T_0011,UDRI01401T,OPERATORE AGRICOLO,3,11,9,2,11,0
UDRI01401T_0012,UDRI01401T,OPERATORE AGRICOLO,2,19,15,4,18,1
UDRI01401T_0013,UDRI01401T,OPERATORE DEL LEGNO,2,15,12,3,15,0
UDRI01401T_0014,UDRI01401T,OPERATORE DEL LEGNO,1,12,10,2,12,0
UDRI01401T_0015,UDRI01401T,OPERATORE MECCANICO,1,11,9,2,11,0
VIRI00601T_0001,VIRI00601T,MANUTENZIONE E ASSISTENZA TECNICA,5,19,13,6,18,1
VIRI00601T_0002,VIRI00601T,"AGRICOLTURA, SVILUPPO RURALE, VALORIZZAZIONE DEI PRODOTTI DEL TERRITORIO E GESTIONE DELLE RISORSE FORESTALI E MONTANE",3,19,13,6,18,1
VIRI00601T_0003,VIRI00601T,INDUSTRIA E ARTIGIANATO PER IL MADE IN ITALY,4,12,8,4,12,0
VIRI00601T_0004,VIRI00601T,ENOGASTRONOMIA E OSPITALITA' ALBERGHIERA,4,15,10,5,14,1
VIRI00601T_0005,VIRI00601T,ENOGASTRONOMIA E OSPITALITA' ALBERGHIERA,4,15,10,5,14,1
VIRI00601T_0006,VIRI00601T,"AGRICOLTURA, SVILUPPO RURALE, VALORIZZAZIONE DEI PRODOTTI DEL TERRITORIO E GESTIONE DELLE RISORSE FORESTALI E MONTANE",4,12,8,4,12,0
VIRI00601T_0007,VIRI00601T,"AGRICOLTURA, SVILUPPO RURALE, VALORIZZAZIONE DEI PRODOTTI DEL TERRITORIO E GESTIONE DELLE RISORSE FORESTALI E MONTANE",4,11,7,4,11,0
VIRI00601T_0008,VIRI00601T,OPERATORE DELLE PRODUZIONI ALIMENTARI,2,12,8,4,12,0
VIRI00601T_0009,VIRI00601T,"AGRICOLTURA, SVILUPPO RURALE, VALORIZZAZIONE DEI PRODOTTI DEL TERRITORIO E GESTIONE DELLE RISORSE FORESTALI E MONTANE",2,15,10,5,14,1
VIRI00601T_0010,VIRI00601T,ENOGASTRONOMIA E OSPITALITA' ALBERGHIERA,2,14,9,5,13,1
VIRI00601T_0011,VIRI00601T,ENOGASTRONOMIA E OSPITALITA' ALBERGHIERA,2,13,9,4,13,0
VIRI00601T_0012,VIRI00601T,OPERATORE DELLE PRODUZIONI ALIMENTARI,3,15,10,5,14,1
VIRI00601T_0013,VIRI00601T,INDUSTRIA E ARTIGIANATO PER IL MADE IN ITALY,2,19,13,6,18,1
VIRI00601T_0014,VIRI00601T,ENOGASTRONOMIA E OSPITALITA' ALBERGHIERA,3,22,14,8,21,1
VIRI00601T_0015,VIRI00601T,INDUSTRIA E ARTIGIANATO PER IL MADE IN ITALY,1,14,9,5,13,1
VIRI00601T_0016,VIRI00601T,OPERATORE DELLE PRODUZIONI ALIMENTARI,1,5,3,2,5,0
VIRI00601T_0017,VIRI00601T,INDUSTRIA E ARTIGIANATO PER IL MADE IN ITALY,3,20,13,7,19,1
VIRI00601T_0018,VIRI00601T,"AGRICOLTURA, SVILUPPO RURALE, VALORIZZAZIONE DEI PRODOTTI DEL TERRITORIO E GESTIONE DELLE RISORSE FORESTALI E MONTANE",1,22,14,8,21,1
VIRI00601T_0019,VIRI00601T,ENOGASTRONOMIA E OSPITALITA' ALBERGHIERA,5,18,12,6,17,1
VIRI00601T_0020,VIRI00601T,ENOGASTRONOMIA E OSPITALITA' ALBERGHIERA,5,18,12,6,17,1
VIRI00601T_0021,VIRI00601T,ENOGASTRONOMIA E OSPITALITA' ALBERGHIERA,1,14,9,5,13,1
VIRI00601T_0022,VIRI00601T,ENOGASTRONOMIA E OSPITALITA' ALBERGHIERA,1,13,9,4,13,0
VISL01302N_0001,VISL01302N,ARTI FIGURATIVE - PLASTICO PITTORICO,5,3,3,0,3,0
VISL01302N_0002,VISL01302N,ARTI FIGURATIVE - PLASTICO PITTORICO,4,3,3,0,3,0
VRTD004015_0001,VRTD004015,COSTRUZIONI AMBIENTE E TERRITORIO - TRIENNIO,4,7,3,4,5,2
VRTD004015_0002,VRTD004015,RELAZIONI INTERNAZIONALI PER IL MARKETING,5,15,7,8,12,3
VRTD004015_0003,VRTD004015,RELAZIONI INTERNAZIONALI PER IL MARKETING,5,14,6,8,11,3
VRTD004015_0004,VRTD004015,AMMINISTRAZIONE FINANZA E MARKETING - TRIENNIO,5,21,9,12,16,5
VRTD004015_0005,VRTD004015,RELAZIONI INTERNAZIONALI PER IL MARKETING,4,21,9,12,16,5
VRTD004015_0006,VRTD004015,SISTEMI INFORMATIVI AZIENDALI,4,17,8,9,13,4
VRTD004015_0007,VRTD004015,SISTEMI INFORMATIVI AZIENDALI,3,21,9,12,16,5
VRTD004015_0008,VRTD004015,AMMINISTRAZIONE FINANZA E MARKETING - TRIENNIO,4,14,6,8,11,3
VRTD004015_0009,VRTD004015,SISTEMI INFORMATIVI AZIENDALI,5,17,8,9,13,4
VRTD004015_0010,VRTD004015,AMM. FINAN. MARKETING - BIENNIO COMUNE,1,20,9,11,15,5
VRTD004015_0011,VRTD004015,AMM. FINAN. MARKETING - BIENNIO COMUNE,1,20,9,11,15,5
VRTD004015_0012,VRTD004015,AMM. FINAN. MARKETING - BIENNIO COMUNE,1,19,8,11,15,4
VRTD004015_0013,VRTD004015,AMM. FINAN. MARKETING - BIENNIO COMUNE,1,19,8,11,15,4
VRTD004015_0014,VRTD004015,AMM. FINAN. MARKETING - BIENNIO COMUNE,1,19,8,11,15,4
VRTD004015_0015,VRTD004015,AMMINISTRAZIONE FINANZA E MARKETING - TRIENNIO,3,14,6,8,11,3
VRTD004015_0016,VRTD004015,AMMINISTRAZIONE FINANZA E MARKETING - TRIENNIO,3,13,6,7,10,3
VRTD004015_0017,VRTD004015,AMM. FINAN. MARKETING - BIENNIO COMUNE,2,19,8,11,15,4
VRTD004015_0018,VRTD004015,AMM. FINAN. MARKETING - BIENNIO COMUNE,2,19,8,11,15,4
VRTD004015_0019,VRTD004015,AMM. FINAN. MARKETING - BIENNIO COMUNE,2,19,8,11,15,4
VRTD004015_0020,VRTD004015,COSTRUZIONI AMBIENTE E TERRITORIO - TRIENNIO,5,9,4,5,7,2
VRTD004015_0021,VRTD004015,RELAZIONI INTERNAZIONALI PER IL MARKETING,3,15,7,8,12,3
VRTD004015_0022,VRTD004015,RELAZIONI INTERNAZIONALI PER IL MARKETING,3,14,6,8,11,3
VRTD004015_0023,VRTD004015,"COSTR., AMB. E TERRITORIO - BIENNIO COM.",2,19,8,11,15,4
VRTD004015_0024,VRTD004015,COSTRUZIONI AMBIENTE E TERRITORIO - TRIENNIO,3,19,8,11,15,4
VRTD004015_0025,VRTD004015,"COSTR., AMB. E TERRITORIO - BIENNIO COM.",1,19,8,11,15,4
